#base_trace: teragrid, config_file: configs/testing/day1/config500.xml, total_servers: 500, total_time: 86400, time_dist_mean: 0.688000, time_dist_stdev: 0.531000, node_dist_mean: -1.408000, node_dist_stdev: 1.907000
0 4853 small 13
0 15515 small 38
0 12297 medium 8
0 538 large 21
0 114 3xlarge 9
0 67277 3xlarge 11
0 656 4xlarge 7
48 212 large 40
49 239 large 29
51 185 large 26
60 195 small 33
64 155 6xlarge 33
75 395 6xlarge 14
97 239 small 22
101 451 4xlarge 2
180 328 4xlarge 9
309 566 3xlarge 9
315 406 large 29
321 579 4xlarge 19
392 589 4xlarge 9
403 594 medium 14
405 512 xlarge 7
447 556 5xlarge 19
466 518 medium 23
516 669 small 33
570 691 small 22
590 710 6xlarge 33
650 753 4xlarge 2
655 872 3xlarge 9
662 882 large 21
678 913 4xlarge 9
684 830 6xlarge 14
775 947 tiny 19
790 1293 4xlarge 7
806 879 small 2
829 944 large 40
1009 1116 4xlarge 9
1028 1155 large 21
1236 1409 4xlarge 9
1245 1386 large 21
1265 1359 large 32
1269 1385 5xlarge 4
1279 1436 medium 14
1284 1390 2xlarge 32
1284 1382 3xlarge 9
1301 1417 4xlarge 19
1307 1380 large 40
1307 1400 4xlarge 31
1482 1619 3xlarge 9
1490 1630 6xlarge 3
1518 1623 2xlarge 2
1526 1663 large 40
1532 1640 6xlarge 11
1548 1602 2xlarge 9
1619 1838 6xlarge 14
1628 2574 large 21
1641 2396 4xlarge 9
1653 1832 4xlarge 2
1714 1843 3xlarge 9
1723 1886 small 15
1763 1863 tiny 15
1765 2037 large 40
1769 1981 medium 43
1773 1853 small 34
1776 1905 5xlarge 8
1790 1916 6xlarge 21
1850 2156 small 22
1876 2110 4xlarge 7
1879 2131 6xlarge 33
1978 2103 tiny 3
2006 2158 medium 19
2075 2243 3xlarge 41
2078 2256 tiny 23
2083 2275 large 29
2092 2234 large 45
2121 2206 medium 40
2125 2199 6xlarge 14
2130 2345 3xlarge 9
2135 2241 tiny 30
2136 2226 tiny 29
2142 2232 small 7
2142 2205 small 46
2155 2206 4xlarge 2
2264 2314 small 2
2278 2318 tiny 19
2339 2517 6xlarge 33
2344 2491 large 29
2370 2481 small 22
2471 2732 3xlarge 9
2607 2686 large 40
2716 2867 5xlarge 27
2733 2793 medium 19
2799 2954 4xlarge 7
2957 3063 large 40
3037 3211 6xlarge 14
3046 3201 4xlarge 9
3066 3221 small 22
3072 3172 4xlarge 2
3084 3326 4xlarge 7
3085 3204 large 21
3087 3157 small 8
3095 3167 large 26
3095 3172 6xlarge 33
3098 3204 small 33
3100 3175 5xlarge 27
3160 3335 3xlarge 9
3201 3338 4xlarge 19
3294 3439 small 22
3297 3401 6xlarge 33
3333 3408 medium 43
3548 3706 large 29
3648 3759 2xlarge 2
3653 3829 6xlarge 33
3669 3762 tiny 34
3672 3792 6xlarge 3
3677 3763 small 22
3678 3772 3xlarge 4
3693 3818 6xlarge 46
3697 3762 xlarge 12
3702 3833 6xlarge 11
3707 3830 4xlarge 39
3711 3804 2xlarge 9
3712 3787 6xlarge 37
3878 4644 4xlarge 7
3906 4977 large 21
3955 4033 3xlarge 9
4022 4171 4xlarge 9
4143 4749 large 40
4158 4299 large 25
4194 4312 large 3
4198 4265 4xlarge 15
4200 4272 4xlarge 25
4238 4394 large 29
4372 4471 6xlarge 21
4379 4523 medium 14
4407 4650 4xlarge 2
4414 4612 6xlarge 14
4418 4514 medium 43
4420 4487 small 15
4433 4534 5xlarge 8
4526 4762 medium 19
4596 5029 small 22
4628 4741 xlarge 12
4631 4769 small 33
4673 4738 6xlarge 37
4675 4916 6xlarge 33
4772 4862 4xlarge 2
4791 4970 4xlarge 9
4793 4887 6xlarge 14
4903 5009 xlarge 7
4916 4977 5xlarge 19
4919 5003 2xlarge 2
5003 5095 small 13
5020 5140 4xlarge 7
5083 5363 6xlarge 14
5087 5277 large 21
5119 5206 small 22
5127 5199 6xlarge 25
5155 5313 4xlarge 2
5158 5391 medium 19
5253 5485 4xlarge 7
5261 5366 large 40
5332 5510 6xlarge 33
5342 5605 small 13
5351 5474 medium 14
5369 5457 small 33
5392 5467 small 22
5453 5601 4xlarge 2
5516 5611 6xlarge 14
5567 5699 2xlarge 2
5686 5833 4xlarge 2
5688 5966 small 33
5696 5855 6xlarge 14
5702 5980 6xlarge 33
5743 5949 small 22
5747 5872 4xlarge 9
5753 5840 large 21
5758 5878 3xlarge 9
5794 5960 small 13
5850 5933 large 40
6042 6206 6xlarge 21
6052 6239 small 15
6072 6184 3xlarge 9
6083 6217 medium 43
6090 6210 5xlarge 8
6090 6178 6xlarge 37
6108 6292 small 13
6160 6300 large 29
6164 6324 medium 40
6202 6289 tiny 30
6221 6327 large 45
6226 6335 tiny 23
6226 6294 3xlarge 41
6228 6335 small 46
6238 6328 tiny 29
6274 6418 4xlarge 2
6294 6440 6xlarge 33
6311 6636 large 40
6314 6472 small 33
6319 6458 6xlarge 14
6325 6461 small 22
6394 6678 4xlarge 15
6438 6650 large 3
6439 6634 medium 19
6440 6586 3xlarge 15
6457 6656 4xlarge 25
6479 6717 4xlarge 7
6553 6692 4xlarge 9
6571 6695 4xlarge 33
6586 6642 large 21
6758 6955 large 45
6768 6953 large 29
6796 6888 tiny 23
6797 6922 3xlarge 41
6814 7023 4xlarge 7
6824 6886 tiny 29
6838 6913 large 40
6892 7064 4xlarge 2
6909 7040 6xlarge 14
6916 7169 large 21
6928 7251 small 13
6959 7043 4xlarge 9
7035 7199 large 40
7128 7559 small 22
7128 7297 medium 43
7144 7253 5xlarge 8
7169 7276 small 15
7184 7255 6xlarge 21
7264 7429 3xlarge 9
7310 7400 4xlarge 7
7352 7504 4xlarge 9
7395 7496 large 21
7499 7642 large 45
7504 7650 large 29
7506 7669 tiny 23
7529 7677 tiny 29
7537 7625 3xlarge 41
7595 7720 medium 14
7609 7781 large 14
7610 7722 4xlarge 2
7633 7732 6xlarge 14
7654 7758 large 17
7656 7780 5xlarge 27
7678 7780 xlarge 33
7757 7847 small 13
7776 7908 large 29
7961 8108 4xlarge 14
7964 8084 2xlarge 34
7973 8107 3xlarge 9
7978 8093 small 22
7991 8101 medium 26
7992 8233 small 13
7993 8100 large 21
8011 8108 6xlarge 0
8028 8099 4xlarge 7
8036 8109 4xlarge 19
8038 8157 large 25
8038 8151 5xlarge 3
8225 8358 6xlarge 14
8236 8376 medium 19
8280 8374 4xlarge 2
8343 8432 small 13
8352 8573 3xlarge 9
8360 8471 large 26
8434 8557 6xlarge 3
8434 8626 6xlarge 11
8446 8588 4xlarge 9
8463 8602 4xlarge 19
8474 8624 2xlarge 9
8494 8621 small 22
8497 8732 large 21
8497 8636 2xlarge 2
8575 8819 small 13
8601 8750 4xlarge 7
8604 8741 3xlarge 39
8609 8695 4xlarge 38
8691 8838 large 40
8732 8808 small 22
8796 9059 4xlarge 7
8823 8932 large 3
8836 8922 4xlarge 15
8915 9117 4xlarge 33
8949 9084 large 40
9039 9301 large 21
9055 9218 large 14
9061 9219 3xlarge 12
9064 9224 4xlarge 9
9075 9194 large 17
9090 9216 xlarge 33
9091 9156 large 47
9342 9690 4xlarge 7
9405 9595 4xlarge 38
9420 9671 small 13
9423 9539 3xlarge 39
9526 9652 3xlarge 9
9560 9759 small 22
9565 9638 xlarge 10
9633 9927 6xlarge 14
9707 9923 4xlarge 2
9759 9886 large 29
9771 9882 tiny 29
9777 9949 tiny 23
9777 9932 4xlarge 9
9836 9900 3xlarge 9
9839 9920 large 21
10025 10165 large 40
10148 10237 large 21
10189 10249 3xlarge 9
10192 10290 tiny 19
10197 10257 4xlarge 19
10430 10538 small 22
10477 10636 6xlarge 14
10543 10625 4xlarge 2
10596 10733 large 40
10675 10789 4xlarge 33
10793 10975 4xlarge 7
10836 10976 small 22
10840 10984 large 3
10848 11001 4xlarge 15
10855 11139 4xlarge 2
10862 10980 large 14
10887 10970 large 17
10893 11129 6xlarge 14
10959 11076 4xlarge 8
10968 11127 large 25
10982 11149 3xlarge 47
10987 11088 6xlarge 25
11089 11270 large 40
11155 11253 small 13
11253 11503 large 21
11326 11858 6xlarge 14
11348 11876 4xlarge 2
11374 11440 4xlarge 7
11443 11638 tiny 3
11456 11577 medium 19
11460 11594 3xlarge 24
11497 11574 medium 1
11513 11587 large 18
11556 11733 6xlarge 37
11559 11746 tiny 34
11559 11710 small 22
11607 11714 3xlarge 4
11608 11699 6xlarge 33
11631 11715 small 33
11638 11693 xlarge 12
11686 11826 5xlarge 27
11701 12226 large 21
11702 11863 large 40
11831 11947 3xlarge 24
11850 11924 large 18
11863 11996 tiny 3
11866 11929 medium 19
12079 12280 4xlarge 2
12096 12169 4xlarge 7
12097 12317 6xlarge 14
12177 12306 small 13
12187 12337 medium 19
12394 12709 medium 8
12399 12541 small 22
12529 12684 small 13
12561 12703 4xlarge 7
12575 12715 large 40
12708 13160 6xlarge 14
12710 13177 4xlarge 2
12791 12951 4xlarge 7
12794 12874 4xlarge 9
12838 12937 large 21
12878 13018 medium 43
12883 13040 4xlarge 8
12900 13054 5xlarge 8
12909 13010 6xlarge 21
12927 13002 3xlarge 47
12940 13055 6xlarge 25
13018 13299 medium 8
13021 13177 4xlarge 9
13069 13161 large 21
13200 13262 small 22
13249 13401 6xlarge 14
13262 13396 4xlarge 2
13360 13493 large 21
13395 13542 small 22
13398 13496 4xlarge 9
13631 13757 4xlarge 7
13646 13745 small 13
13725 13954 medium 8
13835 13968 medium 43
13848 13962 4xlarge 19
13863 13970 3xlarge 9
13877 14036 4xlarge 7
13879 13951 5xlarge 8
13898 13983 6xlarge 21
13994 14105 large 26
14107 14490 medium 8
14437 14635 4xlarge 7
14447 14620 4xlarge 2
14502 14628 6xlarge 14
14555 14737 medium 8
14794 14917 4xlarge 19
14798 14992 medium 8
14813 14972 medium 34
14820 14931 3xlarge 9
14864 14961 4xlarge 9
14867 14980 medium 46
14869 14913 large 21
14876 14912 2xlarge 32
14960 15039 large 40
15197 15563 medium 8
15200 15422 3xlarge 9
15201 15470 4xlarge 19
15203 15274 4xlarge 7
15293 15459 small 22
15532 15711 small 2
15563 15655 tiny 19
15571 15707 3xlarge 6
15585 15711 5xlarge 21
15589 15641 4xlarge 2
15596 15664 4xlarge 9
15596 15713 6xlarge 14
15598 15712 2xlarge 39
15599 15678 large 21
15673 15838 small 38
15784 15956 3xlarge 9
15804 15883 medium 8
15831 15897 4xlarge 19
15839 15951 small 22
15879 16022 xlarge 10
15888 15991 2xlarge 31
15923 16424 large 21
15933 16054 2xlarge 38
15933 16012 4xlarge 42
15939 16027 xlarge 21
15940 16054 5xlarge 27
15995 16147 6xlarge 25
16011 16191 6xlarge 14
16034 16151 3xlarge 47
16042 16187 4xlarge 2
16128 16267 tiny 19
16169 16247 medium 8
16183 16411 small 13
16234 16486 6xlarge 33
16243 16475 large 40
16248 16519 small 22
16292 16480 4xlarge 15
16294 16521 small 33
16314 16483 large 3
16314 16496 4xlarge 7
16375 16599 small 38
16385 16511 4xlarge 25
16407 16630 medium 8
16497 16788 4xlarge 9
16504 16874 6xlarge 14
16510 16895 4xlarge 2
16531 16958 large 21
16606 16760 4xlarge 7
16669 16782 medium 19
16716 16862 medium 43
16768 16865 small 13
16852 16958 tiny 19
16916 17007 4xlarge 9
16957 17096 tiny 13
16967 17101 6xlarge 33
16971 17092 large 40
16982 17141 small 22
16992 17150 small 33
16993 17118 5xlarge 33
17004 17612 medium 8
17010 17077 xlarge 35
17011 17074 4xlarge 38
17014 17116 3xlarge 39
17037 17256 small 13
17089 17264 4xlarge 19
17092 17223 6xlarge 1
17093 17512 large 21
17094 17275 small 38
17102 17352 4xlarge 2
17107 17210 2xlarge 2
17107 17214 6xlarge 3
17114 17275 xlarge 26
17115 17241 3xlarge 9
17124 17193 4xlarge 7
17128 17390 6xlarge 14
17136 17252 6xlarge 11
17138 17193 small 36
17154 17199 medium 14
17154 17209 2xlarge 9
17196 17361 3xlarge 6
17222 17337 tiny 19
17241 17364 4xlarge 9
17249 17317 small 2
17333 17431 large 40
17334 17443 5xlarge 27
17358 17490 medium 28
17506 17748 small 38
17507 17614 2xlarge 2
17712 17875 5xlarge 27
17716 17858 5xlarge 33
17719 17823 medium 43
17723 17803 xlarge 35
17728 17877 3xlarge 39
17728 17815 4xlarge 38
17738 17799 medium 28
17749 17871 large 40
17755 17835 tiny 13
17760 17857 small 13
17950 18118 medium 8
18043 18192 large 21
18045 18158 xlarge 11
18049 18156 xlarge 21
18059 18176 4xlarge 42
18069 18156 large 3
18069 18198 large 6
18069 18212 4xlarge 25
18102 18181 xlarge 10
18103 18238 2xlarge 31
18110 18231 4xlarge 7
18114 18232 2xlarge 38
18116 18156 4xlarge 15
18154 18277 xlarge 35
18178 18325 small 13
18185 18317 tiny 13
18197 18351 small 38
18199 18298 5xlarge 33
18200 18356 3xlarge 39
18201 18279 2xlarge 18
18204 18339 4xlarge 38
18295 18397 large 40
18442 18552 medium 8
18474 18594 4xlarge 7
18518 18674 large 26
18525 18712 medium 14
18599 18692 small 13
18653 18828 large 21
18708 18764 4xlarge 9
18766 18874 medium 19
18781 18895 small 22
18992 19138 large 25
19043 19171 medium 26
19071 19142 4xlarge 14
19267 19543 medium 8
19285 19373 small 13
19374 19663 6xlarge 14
19422 19619 4xlarge 2
19488 19654 medium 19
19495 19597 4xlarge 9
19535 19678 large 40
19553 19598 large 21
19605 19764 small 38
19715 19831 4xlarge 2
19730 19895 6xlarge 14
19761 19849 large 40
19832 20017 3xlarge 8
19837 20039 medium 3
19848 20026 5xlarge 7
19897 20006 5xlarge 40
19973 20145 3xlarge 20
19983 20074 medium 46
19988 20099 medium 34
19988 20101 3xlarge 9
19996 20135 3xlarge 48
20002 20140 2xlarge 32
20014 20105 5xlarge 17
20018 20099 4xlarge 19
20024 20229 medium 8
20031 20154 6xlarge 32
20039 20139 large 40
20040 20133 medium 19
20040 20122 6xlarge 41
20158 20630 large 21
20207 20315 tiny 23
20212 20352 4xlarge 7
20214 20339 tiny 30
20224 20365 3xlarge 41
20236 20382 large 45
20248 20351 tiny 29
20248 20383 large 29
20263 20361 small 46
20330 20434 4xlarge 2
20355 20587 large 40
20364 20489 tiny 19
20383 20483 6xlarge 14
20389 20724 medium 8
20390 20435 small 13
20583 20751 4xlarge 7
20596 20672 tiny 19
20600 20705 small 22
20616 20692 small 13
20798 21046 medium 8
20803 20988 large 40
20849 21064 large 21
21063 21324 small 38
21089 21214 2xlarge 2
21185 21410 medium 8
21199 21293 small 22
21221 21286 large 40
21283 21398 4xlarge 31
21307 21449 medium 14
21436 21594 tiny 29
21441 21561 large 29
21468 21637 small 38
21478 21554 tiny 23
21649 21772 small 46
21652 21756 large 45
21657 21901 3xlarge 9
21679 21811 medium 43
21689 21905 4xlarge 19
21690 21812 6xlarge 21
21695 21803 5xlarge 8
21698 21751 tiny 29
21705 21810 3xlarge 41
21707 21800 large 29
21718 21766 tiny 30
21718 22277 medium 8
21720 21770 tiny 23
21950 22078 large 40
22131 22319 3xlarge 39
22176 22246 4xlarge 19
22185 22297 small 13
22185 22232 3xlarge 9
22250 22439 medium 28
22257 22372 5xlarge 27
22296 22479 large 21
22358 22491 large 40
22495 22642 6xlarge 14
22513 22596 4xlarge 2
22645 22733 4xlarge 9
22676 22716 large 21
22713 22857 5xlarge 7
22717 22848 5xlarge 40
22726 22838 tiny 29
22728 22869 large 45
22731 22848 tiny 47
22739 22878 small 46
22746 22842 medium 3
22747 22916 tiny 30
22750 22833 tiny 35
22750 22846 large 29
22780 22880 small 37
22782 22878 tiny 23
22785 22883 medium 40
22785 22835 3xlarge 41
22797 22845 small 7
22847 23005 small 38
22964 23117 small 33
22990 23144 6xlarge 33
23009 23072 medium 8
23018 23143 4xlarge 7
23035 23090 small 22
23109 23244 4xlarge 9
23143 23239 large 40
23155 23273 large 21
23328 23467 large 25
23329 23506 xlarge 33
23346 23470 large 47
23350 23513 large 14
23387 23432 3xlarge 12
23393 23502 large 17
23456 23593 medium 8
23572 23699 6xlarge 14
23601 23751 tiny 19
23607 23673 4xlarge 2
23673 23833 4xlarge 7
23681 23989 small 38
23802 23999 3xlarge 39
23815 23985 medium 19
23842 23924 small 13
23850 23939 2xlarge 2
23915 24040 5xlarge 17
23919 24034 3xlarge 9
23927 24050 xlarge 10
23928 24050 6xlarge 41
23931 24041 2xlarge 32
23945 24056 medium 34
23947 24112 4xlarge 19
23959 24047 medium 46
23973 24078 medium 8
23976 24044 3xlarge 20
23986 24038 3xlarge 48
24066 24203 4xlarge 9
24082 24583 large 21
24083 24221 xlarge 7
24154 24300 4xlarge 7
24289 24470 4xlarge 2
24307 24457 3xlarge 47
24311 24415 6xlarge 25
24328 24445 medium 19
24329 24441 4xlarge 8
24347 24450 6xlarge 14
24518 24896 medium 8
24530 24774 small 13
24577 24632 6xlarge 14
24582 24685 4xlarge 2
24595 24640 large 40
24642 24753 large 3
24658 24771 4xlarge 7
24676 24908 large 21
24686 24807 small 38
24710 24768 4xlarge 15
25012 25274 4xlarge 7
25030 25131 6xlarge 14
25046 25155 small 13
25046 25118 4xlarge 2
25258 25354 6xlarge 14
25271 25354 small 38
25296 25395 4xlarge 2
25376 25533 4xlarge 15
25397 25515 4xlarge 7
25411 25543 small 13
25412 25753 medium 8
25424 25473 large 3
25492 25667 small 38
25596 25759 3xlarge 39
25632 25761 4xlarge 7
25638 25719 tiny 19
25667 25834 small 13
25737 25833 small 38
25872 25994 small 22
25874 25978 medium 8
25888 26196 large 40
26021 26137 4xlarge 9
26025 26081 large 21
26073 26217 3xlarge 24
26099 26210 large 18
26124 26191 medium 19
26147 26279 tiny 3
26149 26232 4xlarge 33
26232 26501 4xlarge 7
26446 26725 large 40
26557 26705 2xlarge 2
26604 26744 4xlarge 2
26621 26715 6xlarge 14
26624 26747 small 38
26677 26793 6xlarge 37
26711 26841 large 21
26734 26859 xlarge 12
26846 27042 4xlarge 7
26937 27090 large 3
26954 27063 4xlarge 25
26965 27033 4xlarge 15
26970 27100 large 21
27159 27340 4xlarge 7
27164 27278 large 21
27179 27284 large 40
27281 27432 tiny 19
27393 27579 4xlarge 2
27398 27595 tiny 13
27402 27512 4xlarge 38
27430 27515 5xlarge 33
27437 27590 3xlarge 39
27446 27562 6xlarge 14
27456 27522 xlarge 35
27476 27569 small 13
27573 27669 4xlarge 7
27816 27901 small 13
27921 28048 tiny 23
27925 28024 large 29
27926 28073 large 40
27931 28183 medium 8
28007 28183 4xlarge 9
28024 28139 6xlarge 14
28029 28156 3xlarge 24
28045 28135 medium 19
28046 28167 4xlarge 2
28048 28139 tiny 3
28054 28182 large 18
28058 28166 medium 1
28069 28505 large 21
28298 28427 medium 8
28355 28509 small 13
28369 28528 4xlarge 9
28486 28646 medium 14
28495 28621 6xlarge 14
28528 28606 4xlarge 2
28597 28767 large 40
28666 28781 small 13
28731 28887 6xlarge 14
28756 28837 4xlarge 2
28848 28963 small 13
28855 28990 tiny 19
28866 28995 large 3
28881 29002 4xlarge 7
28916 29000 4xlarge 15
29001 29099 medium 8
29266 29314 small 38
29312 29498 large 21
29462 29572 4xlarge 7
29588 29753 small 13
29605 29746 small 38
29695 29961 4xlarge 7
29739 29838 large 40
29747 29791 large 21
29941 30116 medium 8
30073 30184 4xlarge 7
30226 30339 small 13
30305 30437 large 21
30348 30415 4xlarge 9
30711 30831 medium 8
31112 31231 xlarge 10
31119 31240 large 21
31127 31415 small 13
31164 31281 2xlarge 38
31165 31290 2xlarge 31
31175 31287 xlarge 21
31180 31269 4xlarge 42
31238 31387 5xlarge 33
31244 31397 medium 8
31254 31432 4xlarge 38
31256 31385 3xlarge 39
31259 31389 xlarge 35
31287 31378 large 40
31294 31395 2xlarge 18
31311 31433 tiny 13
31756 31850 medium 8
31768 31838 small 2
31786 31889 tiny 19
31836 31993 5xlarge 8
31852 31969 4xlarge 7
31856 31972 large 3
31868 32024 6xlarge 21
31884 32000 4xlarge 15
31918 31961 medium 43
31979 32088 5xlarge 33
31980 32138 tiny 13
32010 32124 4xlarge 2
32012 32136 3xlarge 39
32025 32249 small 13
32026 32125 6xlarge 14
32029 32087 xlarge 35
32031 32121 2xlarge 18
32040 32088 4xlarge 38
32109 32234 large 21
32134 32749 medium 8
32333 32511 large 21
32376 32729 small 13
32391 33205 small 38
32467 32711 3xlarge 9
32497 32605 large 40
32516 32572 4xlarge 7
32565 32756 4xlarge 19
32576 32742 6xlarge 33
32577 32730 small 33
32578 32809 4xlarge 2
32579 32700 small 22
32599 32798 6xlarge 14
32603 32808 large 21
32806 32937 small 13
32809 33210 medium 8
32831 32976 4xlarge 7
32853 32994 4xlarge 19
32866 33118 large 40
32870 32993 2xlarge 32
32873 33087 3xlarge 9
32912 33063 small 22
32956 33115 large 26
32968 33100 small 33
32990 33112 6xlarge 33
33047 33195 6xlarge 14
33082 33303 small 13
33114 33181 4xlarge 2
33176 33330 medium 3
33197 33292 small 33
33207 33278 small 22
33213 33307 6xlarge 33
33221 33357 large 40
33232 33299 5xlarge 40
33238 33295 large 21
33278 33455 6xlarge 27
33282 33466 tiny 37
33288 33460 4xlarge 15
33291 33402 4xlarge 2
33297 33447 large 3
33320 33463 tiny 4
33322 33456 6xlarge 14
33323 33554 4xlarge 7
33324 33475 4xlarge 25
33325 33438 large 19
33341 33470 tiny 39
33355 33455 3xlarge 15
33420 33527 small 13
33423 33578 6xlarge 33
33435 33567 small 33
33442 33552 small 22
33520 33718 6xlarge 37
33547 33665 4xlarge 9
33588 33659 large 40
33589 33656 large 21
33635 33837 medium 19
33646 33826 medium 8
33673 33832 3xlarge 39
33681 33815 small 38
33687 33817 small 13
33687 33762 3xlarge 9
33952 34035 large 40
34178 34393 small 13
34259 34416 large 40
34275 34424 small 38
34289 34418 tiny 19
34307 34362 large 21
34506 34746 small 38
34595 34761 large 3
34603 34770 xlarge 10
34631 34756 2xlarge 31
34635 34788 large 40
34640 34752 4xlarge 25
34651 34760 tiny 23
34667 34796 2xlarge 38
34673 34718 large 29
34676 34762 xlarge 21
34677 34903 4xlarge 7
34678 34751 4xlarge 15
34839 35024 6xlarge 14
34847 35000 6xlarge 25
34856 34989 large 40
34865 35012 4xlarge 2
34871 34967 medium 8
34872 35039 4xlarge 19
34882 35157 4xlarge 9
34887 34997 2xlarge 32
34889 34998 3xlarge 9
34895 35130 large 21
34990 35137 small 38
34994 35117 xlarge 7
35022 35133 small 13
35039 35102 5xlarge 19
35159 35353 4xlarge 7
35203 35385 4xlarge 15
35220 35339 6xlarge 14
35265 35323 large 3
35276 35311 4xlarge 2
35312 35434 small 38
35334 35445 large 21
35366 35498 medium 19
35370 35461 large 18
35373 35509 tiny 3
35398 35490 large 40
35596 35750 large 40
35625 35874 small 38
35750 35804 medium 19
35880 35970 large 21
35948 36092 small 38
36057 36200 large 40
36277 36408 4xlarge 7
36345 36513 small 38
36350 36414 small 13
36356 36403 large 21
36395 36580 tiny 1
36396 36543 tiny 43
36400 36529 xlarge 9
36412 36560 small 33
36415 36563 2xlarge 47
36421 36522 medium 8
36425 36531 small 32
36426 36517 6xlarge 33
36430 36561 small 22
36445 36573 small 30
36447 36578 tiny 26
36448 36548 xlarge 34
36473 36593 2xlarge 10
36476 36576 xlarge 28
36516 36677 4xlarge 7
36583 36711 large 40
36773 37045 large 40
36879 37070 4xlarge 25
36901 37232 small 38
36927 37059 4xlarge 15
36936 37124 medium 8
36951 37076 large 3
36960 37148 4xlarge 7
37055 37254 4xlarge 9
37059 37522 large 21
37063 37171 small 13
37063 37145 medium 19
37361 37471 4xlarge 9
37377 37471 large 40
37385 37501 3xlarge 9
37389 37507 medium 8
37392 37648 small 13
37392 37507 4xlarge 19
37425 37521 small 38
37626 37768 medium 8
37670 37720 small 38
37758 38138 large 21
38031 38143 4xlarge 9
38223 38590 small 38
38325 38512 large 40
38474 38586 small 13
38593 38676 medium 8
38679 38922 large 21
38827 38950 4xlarge 9
38856 38927 small 38
38862 38968 small 13
38953 39050 medium 8
38985 39090 small 22
38991 39056 small 33
39000 39091 6xlarge 33
39053 39158 small 38
39180 39305 small 13
39210 39345 4xlarge 7
39395 39642 small 38
39549 39653 small 13
39578 39673 3xlarge 39
39643 39877 small 22
39648 39959 6xlarge 33
39698 39906 small 33
39758 39895 xlarge 10
39778 39880 xlarge 21
39836 39880 4xlarge 7
39998 40113 large 26
40024 40191 tiny 19
40032 40176 small 8
40148 40253 4xlarge 9
40158 40272 large 21
40294 40382 small 38
40358 40528 large 40
40375 40494 4xlarge 7
40410 40623 large 21
40429 40679 small 13
40434 40660 medium 8
40510 40663 4xlarge 19
40515 40591 2xlarge 32
40548 40848 small 38
40549 40591 3xlarge 9
40655 40750 5xlarge 40
40750 40885 4xlarge 7
40771 40884 small 13
40968 41071 small 38
41010 41145 small 13
41129 41279 6xlarge 25
41135 41204 4xlarge 2
41152 41206 6xlarge 14
41335 41471 4xlarge 7
41343 41486 small 38
41370 41574 4xlarge 2
41400 41608 6xlarge 14
41458 41574 medium 8
41481 41571 3xlarge 9
41520 41586 4xlarge 19
41559 41681 3xlarge 41
41572 41728 tiny 29
41576 41752 large 40
41601 41675 large 29
41619 41744 tiny 23
41631 41739 large 45
41635 41735 4xlarge 7
41739 41801 small 38
42318 42415 4xlarge 2
42331 42421 small 38
42346 42405 4xlarge 7
42356 42406 6xlarge 14
42450 42597 small 13
42517 42637 small 38
42661 42824 large 21
42996 43162 large 3
43053 43181 4xlarge 7
43076 43164 4xlarge 15
43151 43240 small 22
43162 43309 6xlarge 33
43169 43315 small 33
43182 43274 tiny 1
43186 43259 2xlarge 10
43235 43408 small 38
43525 43651 4xlarge 9
43547 43641 large 21
43657 43795 medium 8
43679 43767 3xlarge 9
43721 43864 small 38
44082 44260 3xlarge 39
44082 44274 4xlarge 19
44086 44269 medium 8
44113 44215 3xlarge 9
44157 44278 small 13
44435 44632 large 29
44491 44971 small 38
44509 44598 tiny 23
44801 44999 4xlarge 2
44806 44990 4xlarge 7
44840 44966 large 25
44847 44933 6xlarge 14
44870 44962 large 3
44919 45116 4xlarge 9
44926 45180 small 13
44955 45047 large 21
45080 45169 medium 14
45094 45177 small 38
45177 45337 4xlarge 7
45340 45529 large 21
45342 45395 small 38
45435 45570 small 13
45453 45556 4xlarge 9
45546 45653 4xlarge 7
45578 45775 small 38
45651 45787 6xlarge 14
45700 45813 4xlarge 2
45706 45824 6xlarge 25
45771 45928 large 21
46034 46508 medium 8
46058 46523 3xlarge 9
46156 46357 large 21
46175 46280 6xlarge 33
46177 46287 small 22
46184 46234 small 33
46200 46319 small 38
46379 46482 4xlarge 7
46423 46559 large 3
46504 46661 small 38
46896 46984 4xlarge 7
47002 47077 4xlarge 9
47020 47157 large 21
47221 47380 4xlarge 7
47476 47673 large 21
47602 47794 small 13
47714 47862 large 26
48043 48157 small 38
48185 48311 small 13
48203 48329 large 3
48210 48300 4xlarge 7
48308 48392 large 18
48313 48435 tiny 3
48328 48398 medium 19
48340 48412 medium 1
48346 48455 3xlarge 24
48525 48697 small 38
48596 49138 4xlarge 7
48641 49007 medium 8
48653 48772 3xlarge 9
48659 48834 small 13
48699 48809 large 26
48710 49154 large 21
48754 48901 small 38
48796 48923 6xlarge 14
48825 48919 4xlarge 2
48894 48991 small 33
48930 48998 small 22
48941 48996 6xlarge 33
48948 48999 4xlarge 9
48993 49171 medium 43
48994 49187 5xlarge 8
49004 49299 small 13
49019 49196 6xlarge 21
49059 49145 small 38
49139 49257 medium 8
49275 49369 large 29
49313 49431 4xlarge 7
49485 49648 3xlarge 9
49511 49763 large 21
49523 49593 4xlarge 9
49526 49730 medium 8
49594 49774 6xlarge 11
49628 49746 2xlarge 2
49635 49795 6xlarge 3
49640 49740 2xlarge 9
49656 49735 small 38
49657 49785 xlarge 26
49869 49967 4xlarge 7
49912 49955 medium 8
50004 50104 small 13
50234 50327 4xlarge 2
50237 50443 small 38
50280 50366 6xlarge 14
50466 50689 large 21
50513 50563 small 13
50607 50842 small 38
50677 50843 2xlarge 2
50697 50924 4xlarge 19
50708 50998 medium 8
50724 50928 3xlarge 9
50741 50812 small 13
50741 50810 6xlarge 3
50754 50845 4xlarge 7
50801 50961 medium 46
50806 50960 3xlarge 20
50808 50921 4xlarge 2
50825 50976 medium 34
50848 50983 large 40
50864 50948 2xlarge 32
50872 50912 6xlarge 14
50873 51210 large 21
50959 51168 small 13
50961 51048 4xlarge 7
51113 51220 4xlarge 9
51338 51428 3xlarge 9
51355 51403 medium 8
51402 51550 4xlarge 2
51414 51525 small 13
51456 51511 large 21
51478 51589 6xlarge 14
51518 51652 4xlarge 7
51526 51717 4xlarge 15
51531 51825 3xlarge 9
51544 51653 large 3
51558 51638 4xlarge 25
51591 51783 medium 8
51688 51773 large 40
51690 51822 6xlarge 14
51716 51798 4xlarge 2
51910 52180 4xlarge 9
51921 52252 large 21
51956 52073 small 13
52130 52383 3xlarge 9
52139 52376 medium 8
52158 52285 small 13
52372 52556 large 21
52398 52487 small 13
52483 52639 large 40
52646 52761 large 21
52652 52792 4xlarge 7
52660 52900 medium 8
52731 52868 small 38
52742 52971 small 13
52779 52901 medium 14
52837 53032 5xlarge 27
52955 53092 4xlarge 2
52960 53159 medium 8
52960 53073 6xlarge 33
52966 53104 4xlarge 7
52968 53137 small 22
52996 53154 6xlarge 14
53011 53113 small 33
53039 53078 small 38
53124 53205 tiny 3
53133 53233 medium 19
53154 53235 small 13
53159 53271 large 18
53241 53368 small 38
53344 53495 small 22
53344 53496 6xlarge 33
53362 53446 small 13
53371 53459 small 33
53578 53757 3xlarge 4
53583 53727 xlarge 12
53593 53700 4xlarge 7
53622 53690 large 21
53634 53683 small 13
53634 53741 6xlarge 37
53718 53813 small 38
53930 54057 small 13
54032 54153 medium 8
54055 54217 4xlarge 7
54236 54299 small 38
54532 54710 large 14
54579 54639 large 17
54580 54658 medium 8
54583 54690 xlarge 33
54662 54917 small 13
54755 55036 medium 8
54755 54945 medium 19
54756 55069 3xlarge 9
54757 54911 small 38
54762 54910 large 18
54812 54900 tiny 3
54819 55044 4xlarge 19
54826 54907 4xlarge 7
54916 55055 4xlarge 2
54948 55074 2xlarge 32
54951 55029 6xlarge 14
55116 55278 5xlarge 22
55121 55302 4xlarge 47
55135 55436 medium 8
55145 55296 5xlarge 12
55146 55310 tiny 33
55151 55298 large 26
55161 55271 small 8
55179 55268 3xlarge 9
55183 55267 4xlarge 19
55244 55354 large 21
55355 55497 medium 43
55374 55549 5xlarge 8
55419 55552 6xlarge 21
55539 55604 4xlarge 7
55644 55775 4xlarge 2
55879 55994 4xlarge 7
55983 56143 small 38
55987 56137 medium 8
56097 56246 4xlarge 7
56232 56375 small 38
56280 56332 small 13
56346 56454 medium 8
56433 56634 4xlarge 7
56584 56700 small 38
56597 56671 5xlarge 27
56756 56877 4xlarge 7
56795 56962 small 13
56841 57077 small 38
57032 57468 4xlarge 7
57033 57187 3xlarge 9
57056 57190 2xlarge 32
57089 57218 4xlarge 19
57092 57191 medium 8
57164 57351 small 22
57183 57306 6xlarge 33
57217 57282 small 33
57326 57596 small 13
57420 57515 medium 8
57449 57594 small 33
57457 57585 small 22
57472 57536 6xlarge 33
57568 58007 4xlarge 7
57766 57929 large 21
57874 58060 small 33
57879 58071 2xlarge 10
57918 58036 tiny 1
57925 58017 2xlarge 47
57938 58021 6xlarge 33
57945 58046 xlarge 34
57949 58007 small 22
57954 58017 tiny 26
58014 58145 large 21
58030 58197 medium 8
58151 58272 6xlarge 14
58166 58295 4xlarge 2
58184 58281 4xlarge 7
58239 58403 small 38
58248 58376 large 25
58320 58374 medium 26
58416 58506 small 13
58422 58504 4xlarge 7
58602 58780 6xlarge 33
58621 58794 small 22
58633 58739 small 33
58721 58906 medium 8
58733 58844 4xlarge 19
58743 58850 2xlarge 32
58746 58844 medium 46
58762 58882 medium 34
58767 59003 small 38
58780 58908 4xlarge 7
58797 58843 3xlarge 9
58917 58951 small 13
58966 59120 4xlarge 2
59037 59075 medium 8
59105 59208 4xlarge 7
59199 59368 4xlarge 19
59210 59320 small 33
59216 59318 small 22
59259 59385 3xlarge 9
59272 59311 6xlarge 33
59279 59440 small 38
59280 59485 medium 8
59463 59637 small 13
59475 59607 4xlarge 2
59477 59568 large 40
59566 59697 medium 8
59794 59911 large 40
59874 59938 small 13
59939 60076 large 21
60090 60212 medium 8
60352 60550 small 13
60679 60799 4xlarge 7
60691 60887 small 13
60881 61033 small 33
60899 61049 small 22
60912 61022 6xlarge 33
60949 61013 small 38
61026 61112 small 13
61117 61305 4xlarge 9
61122 61300 3xlarge 24
61134 61372 small 38
61150 61263 large 18
61152 61305 large 21
61158 61258 large 29
61163 61281 tiny 3
61163 61231 4xlarge 7
61164 61288 medium 1
61199 61290 medium 19
61509 61596 small 13
61524 61611 small 38
61550 61644 4xlarge 7
61727 61878 6xlarge 14
61753 61844 4xlarge 2
61874 62014 large 21
61877 62014 4xlarge 7
61914 61984 4xlarge 9
62076 62235 6xlarge 14
62083 62228 4xlarge 15
62087 62255 4xlarge 25
62139 62214 4xlarge 7
62143 62261 large 3
62152 62278 4xlarge 2
62366 62463 large 21
62469 62601 small 38
62611 62679 xlarge 21
62629 62718 xlarge 10
62677 62997 small 38
62810 62916 large 21
62829 62979 4xlarge 2
62917 63058 large 40
62936 63119 small 13
62997 63102 4xlarge 33
63038 63190 2xlarge 11
63075 63195 xlarge 33
63076 63220 3xlarge 12
63081 63221 large 14
63094 63192 large 47
63104 63214 large 17
63118 63323 small 38
63202 63327 4xlarge 9
63237 63301 large 21
63279 63458 medium 8
63567 63657 4xlarge 7
63641 63781 small 33
63647 63829 small 22
63647 63823 6xlarge 33
63881 64033 small 2
63905 64020 tiny 19
63959 64075 4xlarge 2
64013 64128 small 13
64016 64189 large 21
64131 64275 5xlarge 27
64147 64309 tiny 21
64170 64308 medium 12
64182 64267 medium 28
64198 64298 xlarge 43
64199 64313 small 38
64361 64499 6xlarge 33
64362 64500 small 33
64363 64503 small 22
64394 64521 4xlarge 2
64405 64534 6xlarge 14
64438 64501 6xlarge 25
64608 64728 small 8
64656 64766 large 26
64679 64743 tiny 33
64750 65021 large 40
64770 64902 small 38
64772 65265 medium 8
64969 65126 6xlarge 25
64986 65072 small 38
64990 65102 6xlarge 14
64996 65134 4xlarge 2
65073 65257 large 21
65087 65229 tiny 29
65115 65191 3xlarge 41
65117 65193 tiny 23
65130 65277 large 45
65134 65223 large 29
65325 65437 3xlarge 9
65352 65512 2xlarge 32
65357 65511 4xlarge 7
65359 65711 medium 8
65360 65503 4xlarge 19
65467 65611 4xlarge 9
65489 65601 large 21
65510 65591 small 13
65561 65705 6xlarge 14
65562 65755 5xlarge 27
65570 65854 small 22
65597 65731 4xlarge 2
65603 65732 4xlarge 19
65610 65859 small 33
65625 65749 3xlarge 9
65630 65867 6xlarge 33
65696 65798 large 25
65729 65870 large 29
65760 65869 large 21
65814 65998 small 13
65872 65962 medium 8
65912 66344 6xlarge 33
65915 66301 small 22
65928 66065 2xlarge 9
65937 66045 2xlarge 2
65940 66106 6xlarge 3
65959 66183 large 21
65967 66307 small 33
65967 66204 small 38
65984 66036 6xlarge 11
66067 66177 4xlarge 9
66083 66185 4xlarge 2
66103 66168 tiny 1
66216 66352 medium 8
66283 66416 4xlarge 2
66289 66518 large 21
66316 66559 4xlarge 9
66319 66456 6xlarge 14
66418 66589 medium 8
66440 66554 small 22
66468 66540 6xlarge 33
66474 66534 small 33
66474 66535 large 26
66576 67013 small 13
66632 66760 large 26
66669 67390 medium 8
66683 66901 large 21
66795 66959 small 38
66834 66918 4xlarge 7
67067 67287 4xlarge 7
67075 67115 small 38
67273 67355 3xlarge 9
67274 67416 4xlarge 19
67358 68017 3xlarge 11
67375 67645 4xlarge 7
67496 67779 small 38
67552 67600 medium 8
67846 67969 3xlarge 9
67890 67970 medium 8
67890 67966 4xlarge 19
67917 67955 2xlarge 32
67963 68115 large 21
67966 68129 tiny 23
67966 68156 large 45
67975 68151 4xlarge 7
67978 68138 large 29
68033 68142 tiny 29
68085 68198 medium 8
68124 68227 2xlarge 32
68128 68227 3xlarge 9
68132 68268 4xlarge 19
68202 68362 4xlarge 25
68210 68373 3xlarge 15
68220 68370 large 3
68263 68385 4xlarge 7
68268 68317 4xlarge 15
68327 68443 4xlarge 19
68329 68432 medium 8
68332 68597 small 13
68346 68489 small 38
68352 68479 3xlarge 9
68672 68802 large 21
68677 68861 3xlarge 9
68683 68875 tiny 28
68683 68851 4xlarge 26
68692 68823 xlarge 7
68697 68823 4xlarge 19
68704 68834 5xlarge 27
68738 68850 4xlarge 9
68750 68815 medium 23
68755 69952 medium 8
68758 68800 5xlarge 19
68848 68956 6xlarge 14
68852 68993 4xlarge 2
68914 69084 6xlarge 1
68915 69105 2xlarge 9
68927 69051 6xlarge 3
68939 69033 6xlarge 11
68942 69052 xlarge 26
68944 69042 small 38
68980 69069 2xlarge 2
68996 69053 small 36
69110 69396 large 21
69187 69283 medium 19
69189 69340 3xlarge 11
69218 69343 3xlarge 9
69236 69274 4xlarge 19
69292 69444 4xlarge 7
69319 69407 4xlarge 2
69346 69466 small 13
69547 69759 large 21
69558 69704 4xlarge 19
69598 69695 3xlarge 9
69675 69898 small 13
69700 69959 small 38
69707 69799 3xlarge 11
69803 69950 large 3
69837 69937 4xlarge 7
69996 70191 3xlarge 41
69999 70124 tiny 35
70009 70164 tiny 29
70019 70180 large 29
70019 70182 5xlarge 42
70026 70194 medium 9
70026 70142 3xlarge 18
70029 70163 small 37
70031 70199 tiny 23
70038 70143 small 46
70042 70180 small 7
70043 70162 tiny 30
70049 70188 4xlarge 2
70068 70142 tiny 47
70076 70125 medium 40
70080 70121 large 45
70162 70281 3xlarge 11
70265 70419 small 38
70378 70554 3xlarge 11
70537 70652 large 40
70552 70669 large 21
70762 70877 large 21
70784 70891 medium 8
70853 70969 small 13
70957 71108 3xlarge 11
71192 71357 large 21
71198 71342 small 13
71219 71386 3xlarge 11
71250 71334 4xlarge 2
71280 71375 small 38
71368 71510 5xlarge 40
71568 71671 small 13
71593 71701 4xlarge 7
71614 71748 large 3
71794 71984 6xlarge 21
71820 71995 small 15
71825 71930 medium 43
71835 71939 3xlarge 11
71841 71920 4xlarge 9
71844 71974 large 21
71849 71950 tiny 15
71851 71998 5xlarge 8
72330 72586 small 13
72349 72445 large 21
72515 72688 xlarge 7
72521 72808 4xlarge 9
72540 72713 medium 23
72543 73070 large 21
72547 72687 xlarge 17
72552 72638 3xlarge 24
72553 72682 medium 19
72554 72688 5xlarge 29
72565 72709 large 16
72566 72634 5xlarge 19
72584 72685 tiny 3
72589 72631 medium 1
72589 72635 medium 25
72595 72703 large 18
72599 72684 3xlarge 11
72765 72950 6xlarge 14
72799 72936 medium 8
72805 72944 4xlarge 2
72828 73413 3xlarge 11
72836 72871 4xlarge 7
72890 73020 small 13
72992 73485 small 38
73043 73118 4xlarge 2
73235 73403 small 13
73297 73368 medium 8
73402 73546 large 3
73430 73736 4xlarge 7
73601 73770 5xlarge 33
73603 73786 large 3
73618 73742 3xlarge 11
73623 73729 small 13
73661 73786 6xlarge 27
73663 73747 3xlarge 15
73663 73765 4xlarge 38
73669 73771 3xlarge 39
73670 73795 4xlarge 25
73679 73737 4xlarge 15
73738 74144 small 38
73739 73866 xlarge 21
73778 73833 xlarge 10
73840 74031 6xlarge 14
73851 73992 3xlarge 11
73873 73954 4xlarge 2
73898 73989 large 14
73910 74024 large 17
73920 73999 xlarge 33
74082 74256 small 33
74090 74216 small 22
74135 74241 6xlarge 33
74157 74997 3xlarge 11
74580 74674 large 26
74588 74807 3xlarge 9
74590 74842 medium 8
74616 74841 4xlarge 19
74684 74815 small 38
74693 74802 4xlarge 2
74695 74835 2xlarge 2
74695 74837 6xlarge 11
74748 74853 2xlarge 9
74754 74870 6xlarge 3
74797 74981 4xlarge 9
74824 74977 large 21
74948 75109 small 38
74978 75056 tiny 19
75000 75093 small 2
75210 75326 small 13
75286 75425 4xlarge 9
75309 75435 3xlarge 11
75313 75401 large 21
75357 75464 small 38
75520 75645 large 3
75537 75712 3xlarge 11
75580 75699 4xlarge 7
75658 75770 3xlarge 39
75665 75798 2xlarge 18
75681 75768 tiny 13
75691 75803 xlarge 35
75691 75797 4xlarge 38
75693 75827 5xlarge 33
75717 75809 small 13
75830 75873 4xlarge 7
75872 75998 tiny 19
75951 76000 small 2
76008 76181 2xlarge 2
76053 76120 small 38
76133 76266 4xlarge 7
76180 76241 3xlarge 11
76410 76488 3xlarge 11
76425 76546 small 13
76518 76591 6xlarge 14
76541 76628 4xlarge 2
76672 76756 3xlarge 11
76876 77090 3xlarge 11
77080 77209 3xlarge 9
77081 77318 small 13
77092 77369 3xlarge 39
77106 77258 large 21
77109 77366 4xlarge 38
77126 77386 5xlarge 33
77156 77268 medium 8
77158 77234 4xlarge 19
77266 77360 3xlarge 11
77392 77477 4xlarge 2
77394 77475 6xlarge 14
77506 77603 small 13
77513 77631 3xlarge 11
77678 77867 3xlarge 9
77709 77812 medium 8
77715 77843 large 21
77727 77793 4xlarge 9
77753 77838 4xlarge 19
77758 78051 3xlarge 11
77800 78103 small 13
77965 78059 small 38
77987 78104 large 21
78156 78347 4xlarge 7
78219 78290 3xlarge 11
78538 78675 3xlarge 11
78642 78833 small 13
78647 78812 4xlarge 15
78672 78801 4xlarge 7
78675 78763 large 3
78676 78806 4xlarge 25
78879 79019 medium 8
78934 78999 small 38
79001 79135 tiny 29
79027 79136 tiny 23
79038 79145 4xlarge 7
79048 79146 large 29
79065 79245 3xlarge 11
79171 79285 small 13
79171 79270 large 25
79185 79281 medium 8
79238 79386 small 38
79850 80028 3xlarge 11
79907 79962 4xlarge 7
80201 80343 tiny 3
80216 80348 3xlarge 11
80244 80365 large 18
80246 80352 medium 19
80280 80370 small 13
80462 80572 3xlarge 11
80500 80561 4xlarge 7
80699 80824 small 33
80723 80797 small 13
80729 80835 6xlarge 33
80750 80845 small 22
80805 80979 3xlarge 11
80817 80988 medium 19
80847 80920 large 18
80868 80966 tiny 3
80933 81469 medium 8
80972 81117 large 21
80991 81040 small 38
81043 81156 small 22
81066 81216 6xlarge 33
81076 81216 small 33
81076 81288 3xlarge 11
81208 81345 3xlarge 9
81210 81321 4xlarge 19
81425 81523 4xlarge 2
81471 81563 6xlarge 14
81513 81699 small 13
81513 81804 3xlarge 9
81537 81831 4xlarge 19
81552 81810 medium 8
81578 81701 4xlarge 7
81767 81896 small 38
81826 81909 small 13
81901 82022 medium 8
81936 82024 4xlarge 19
81959 82038 3xlarge 9
81997 82124 6xlarge 14
82060 82137 small 38
82067 82188 4xlarge 2
82145 82474 small 13
82253 82373 3xlarge 24
82258 82433 medium 19
82263 82375 medium 25
82268 82351 5xlarge 29
82269 82377 small 38
82273 82368 large 18
82277 82432 medium 1
82293 82375 3xlarge 11
82310 82410 tiny 3
82380 82510 large 21
82405 82538 medium 43
82660 82760 4xlarge 7
82849 83025 4xlarge 33
82857 83120 small 38
82871 82953 large 40
82908 83036 large 21
82977 83134 6xlarge 14
83006 83102 4xlarge 2
83380 83588 small 13
83438 83554 small 38
83555 83759 tiny 29
83594 83729 tiny 23
83614 83673 large 29
83696 83797 small 38
83699 83995 4xlarge 2
83701 83975 6xlarge 14
83795 83928 xlarge 11
83795 83923 3xlarge 47
83797 83912 4xlarge 42
83800 83919 2xlarge 38
83812 83953 xlarge 21
83816 83913 3xlarge 23
83818 83938 xlarge 10
83819 83920 3xlarge 11
83823 83936 2xlarge 31
83828 83931 4xlarge 8
83829 83911 large 6
83831 83957 tiny 24
83844 83999 medium 17
83847 84031 4xlarge 7
83862 83942 6xlarge 25
83930 84202 small 38
84066 84229 small 13
84172 84357 3xlarge 11
84285 84443 4xlarge 7
84392 84532 large 40
84402 84582 4xlarge 38
84426 84515 small 13
84428 84586 5xlarge 33
84429 84523 tiny 13
84436 84528 4xlarge 2
84439 84571 3xlarge 39
84456 84540 xlarge 35
84474 84556 6xlarge 14
84649 84950 3xlarge 9
84665 84825 4xlarge 33
84678 84937 medium 8
84681 84872 4xlarge 19
84692 84751 large 40
84777 84938 6xlarge 33
84784 84914 small 22
84806 84886 small 33
84819 84904 4xlarge 7
85021 85171 medium 8
85023 85113 3xlarge 9
85047 85175 3xlarge 11
85072 85240 small 38
85075 85414 4xlarge 7
85075 85123 4xlarge 19
85275 85369 4xlarge 9
85277 85374 large 21
85405 85477 small 38
85473 85678 6xlarge 14
85492 85606 4xlarge 2
85515 85670 medium 19
85523 85652 tiny 3
85545 85622 large 18
85556 85610 3xlarge 11
85626 85762 4xlarge 7
86018 86152 4xlarge 7
86026 86118 medium 8
86215 86341 small 13
86259 86344 6xlarge 14
86264 86347 large 21
86264 86347 4xlarge 9
86269 86379 4xlarge 2
86280 86361 small 38
86472 86597 medium 8
86512 86612 small 38
86560 86705 4xlarge 7
86577 86748 3xlarge 11
86930 87033 medium 8
87091 87195 small 38
87340 87402 small 38
87476 87541 4xlarge 7
87597 87654 large 29
87784 87917 4xlarge 2
87791 87888 6xlarge 14
87935 88066 small 13
88182 88298 4xlarge 7
88190 88232 3xlarge 11
88383 88644 small 38
88387 88473 4xlarge 2
88416 88520 6xlarge 14
88717 88861 small 33
88732 88866 6xlarge 33
88747 88912 6xlarge 37
88760 88853 small 22
88911 88985 large 21
88920 88973 4xlarge 9
88999 89093 small 38
89037 89377 medium 8
89085 89194 small 22
89099 89231 small 33
89147 89367 3xlarge 11
89148 89255 large 40
89153 89270 6xlarge 33
89157 89213 4xlarge 7
89242 89367 tiny 3
89275 89385 medium 19
89495 89588 4xlarge 19
89500 89613 medium 8
89501 89624 3xlarge 9
89516 89602 small 13
89580 89714 4xlarge 7
89583 89743 large 29
89733 89849 large 21
89756 89862 4xlarge 9
89820 89959 5xlarge 32
89840 89989 4xlarge 33
89859 89979 large 40
89872 89947 xlarge 20
89933 90044 3xlarge 11
89960 90119 4xlarge 2
89963 90032 6xlarge 14
90055 90216 4xlarge 25
90064 90223 4xlarge 15
90067 90233 4xlarge 7
90097 90156 large 3
90213 90438 small 13
90305 90473 4xlarge 7
90335 90453 small 38
90418 90717 6xlarge 14
90446 90708 4xlarge 2
90471 90583 3xlarge 11
90593 90653 medium 43
90636 90762 4xlarge 7
90800 90914 small 38
90918 91009 6xlarge 14
90929 91065 large 40
90945 91060 large 29
90946 90998 4xlarge 2
91007 91180 small 13
91007 91193 3xlarge 39
91175 91304 4xlarge 7
91419 91534 small 38
91503 91617 small 13
91958 92079 3xlarge 11
91969 92144 medium 25
91974 92110 3xlarge 24
91995 92079 large 16
92000 92139 5xlarge 38
92012 92150 5xlarge 29
92021 92142 large 18
92021 92113 xlarge 17
92023 92110 tiny 3
92025 92129 2xlarge 30
92029 92098 medium 1
92034 92135 medium 19
92153 92193 large 21
92473 92553 small 13
92493 92582 3xlarge 11
92501 92555 small 38
92800 92980 small 22
92817 92940 small 33
92853 92969 6xlarge 33
92936 93205 small 38
93043 93319 large 21
93094 93235 medium 8
93106 93235 3xlarge 9
93109 93162 4xlarge 19
93179 93304 small 2
93202 93355 tiny 19
93346 93440 small 38
93451 93552 small 13
93689 93771 large 21
93691 93945 4xlarge 2
93709 93904 6xlarge 14
94030 94179 large 21
94155 94279 tiny 19
94196 94239 small 2
94242 94364 6xlarge 14
94318 94391 4xlarge 2
94377 94507 medium 8
94976 95071 small 2
95021 95123 tiny 19
95111 95213 small 13
95338 95450 small 13
95861 95990 small 13
95958 96034 3xlarge 11
96183 96309 3xlarge 11
97032 97133 small 2
97067 97144 tiny 19
97134 97287 4xlarge 2
97146 97235 6xlarge 14
97162 97547 3xlarge 11
97170 97245 small 13
97185 97293 medium 8
97252 97438 large 17
97264 97388 xlarge 33
97270 97359 4xlarge 7
97289 97404 large 14
97357 97502 small 46
97373 97525 tiny 23
97376 97533 medium 40
97387 97515 tiny 30
97394 97532 3xlarge 41
97413 97542 small 38
97417 97486 large 29
97435 97847 small 13
97439 97539 tiny 29
97440 97533 large 45
97643 97763 4xlarge 7
97770 98009 medium 8
97799 97889 large 21
98008 98312 3xlarge 11
98141 98234 medium 8
98150 98221 small 38
98471 98559 4xlarge 7
98510 98733 3xlarge 11
98566 98731 large 40
98575 98743 large 45
98578 98718 tiny 23
98578 98733 3xlarge 41
98586 98756 tiny 29
98633 98729 large 29
98752 98812 small 38
98927 99089 small 38
98930 99037 small 2
99000 99040 tiny 19
99042 99161 3xlarge 11
99061 99180 small 13
99076 99200 large 40
99231 99304 large 21
99292 99513 medium 8
99300 99453 2xlarge 32
99303 99538 4xlarge 19
99342 99553 3xlarge 9
99428 99514 6xlarge 14
99435 99590 large 40
99479 99545 4xlarge 2
99518 99815 small 13
99548 99672 3xlarge 39
99682 99757 small 38
99884 99998 small 13
99892 100006 small 22
99893 100058 small 33
99960 100063 6xlarge 33
100123 100389 medium 8
100143 100372 3xlarge 9
100200 100397 4xlarge 19
100267 100392 6xlarge 14
100301 100425 4xlarge 2
100425 100524 small 13
100474 100606 3xlarge 9
100511 100594 4xlarge 19
100512 100850 medium 8
100609 101030 6xlarge 33
100628 100729 small 33
100656 100974 small 22
100713 100843 4xlarge 2
100720 100919 small 38
100733 100861 medium 3
100747 100873 5xlarge 7
100755 100894 5xlarge 40
100782 100878 3xlarge 9
100796 100891 6xlarge 14
100891 100995 3xlarge 11
101101 101366 small 38
101147 101224 3xlarge 11
101382 101518 medium 8
101395 101499 small 13
101495 101629 3xlarge 11
101736 101803 4xlarge 7
101805 101960 tiny 19
101928 102184 small 13
101933 102084 3xlarge 11
101935 102073 large 29
102043 102190 small 38
102190 102349 xlarge 10
102196 102356 xlarge 21
102273 102451 tiny 19
102304 102436 small 2
102357 102402 medium 8
102517 102640 small 13
102592 102639 3xlarge 11
102703 102806 large 40
102886 103028 small 13
102909 103040 medium 8
102937 103059 3xlarge 9
102960 103003 3xlarge 11
103112 103309 3xlarge 11
103131 103409 small 38
103135 103301 small 22
103148 103407 small 13
103149 103286 medium 8
103162 103288 6xlarge 33
103183 103308 4xlarge 7
103247 103427 2xlarge 18
103261 103411 xlarge 35
103273 103388 4xlarge 38
103276 103402 5xlarge 33
103288 103407 3xlarge 39
103289 103417 tiny 13
103435 103496 6xlarge 14
103436 103500 4xlarge 2
103437 103545 3xlarge 11
103494 103635 6xlarge 33
103549 103636 small 33
103554 103608 small 22
103657 103867 3xlarge 11
103969 104077 large 40
103993 104143 4xlarge 33
104090 104264 small 13
104094 104204 3xlarge 9
104146 104247 medium 8
104156 104192 3xlarge 11
104435 104585 large 3
104439 104557 4xlarge 25
104489 104586 4xlarge 15
104495 104578 4xlarge 7
104603 104691 large 40
104628 104729 small 13
104828 104945 large 21
104867 104988 4xlarge 9
105040 105204 medium 43
105090 105222 medium 8
105226 105472 small 13
105342 105583 4xlarge 7
105530 105658 3xlarge 11
105549 105649 tiny 29
105553 105636 large 29
105556 105651 tiny 23
105590 105805 small 13
105644 105908 medium 8
105689 105764 4xlarge 19
105716 105760 3xlarge 9
105760 105910 4xlarge 2
105766 105948 6xlarge 14
105935 106134 large 21
105998 106192 4xlarge 19
106024 106180 3xlarge 9
106037 106186 medium 8
106064 106257 small 13
106116 106314 small 46
106123 106262 tiny 30
106124 106304 tiny 29
106128 106280 medium 40
106130 106279 small 7
106130 106292 3xlarge 41
106147 106316 large 29
106149 106289 large 45
106161 106294 tiny 47
106163 106251 tiny 23
106170 106274 small 37
106272 106420 3xlarge 11
106293 106412 small 38
106519 106635 small 13
106603 106781 medium 8
106727 106915 tiny 15
106752 106884 medium 43
106755 106868 small 15
106774 106874 4xlarge 7
106776 106834 6xlarge 21
106782 106839 5xlarge 8
106797 106903 small 34
106875 107028 small 13
107124 107218 small 13
107342 107473 small 13
107436 107635 small 37
107438 107564 large 45
107440 107639 tiny 30
107441 107572 small 46
107447 107560 tiny 29
107456 107610 large 29
107463 107612 tiny 47
107465 107634 medium 40
107471 107605 small 7
107484 107587 tiny 35
107496 107580 tiny 23
107496 107568 3xlarge 18
107518 107597 3xlarge 41
107707 107873 small 13
107914 108096 large 29
108114 108159 3xlarge 11
108159 108639 small 13
108296 108420 4xlarge 2
108320 108474 6xlarge 14
108321 108463 3xlarge 11
108402 108599 small 38
108771 108938 3xlarge 39
108814 108873 small 13
108998 109146 large 40
109007 109189 small 38
109154 109659 small 13
109280 109389 3xlarge 11
109287 109383 tiny 3
109304 109398 medium 19
109418 109554 5xlarge 27
109488 109628 4xlarge 9
109490 109746 large 21
109655 109774 small 38
109724 109866 small 13
109854 110014 medium 8
110132 110376 small 38
110195 110370 large 29
110516 110697 small 13
110581 110695 small 38
110814 110992 medium 8
111305 111394 medium 8
111342 111404 small 13
111645 111788 tiny 21
111667 111800 5xlarge 27
111703 111784 medium 28
111765 111902 medium 8
112723 112889 small 13
113111 113250 2xlarge 32
113118 113213 4xlarge 15
113122 113277 small 13
113135 113258 3xlarge 9
113137 113240 4xlarge 19
113141 113199 large 3
113145 113216 medium 8
113152 113198 4xlarge 25
113153 113235 4xlarge 7
113225 113324 4xlarge 2
113245 113316 6xlarge 14
113335 113483 4xlarge 9
113400 113456 large 21
113487 113616 3xlarge 9
113502 113576 medium 8
113634 113757 3xlarge 11
113814 113966 4xlarge 7
113830 113983 small 22
113833 113921 6xlarge 33
113853 113976 small 33
114054 114203 medium 8
114061 114168 small 13
114064 114183 3xlarge 9
114075 114214 4xlarge 19
114080 114174 large 40
114273 114530 medium 8
114274 114454 3xlarge 1
114274 114539 3xlarge 9
114280 114477 tiny 34
114300 114429 6xlarge 46
114303 114421 6xlarge 37
114325 114415 4xlarge 39
114330 114446 3xlarge 4
114338 114400 xlarge 12
114349 114434 xlarge 31
114524 114645 3xlarge 47
114530 114640 6xlarge 25
114539 114635 6xlarge 14
114587 114675 4xlarge 2
114593 114707 4xlarge 8
114654 114763 3xlarge 9
114674 114790 medium 8
114703 114765 4xlarge 19
114768 114949 xlarge 35
114782 114883 small 13
114786 114894 3xlarge 39
114790 114931 4xlarge 38
114821 114889 tiny 13
114828 114954 5xlarge 33
114898 115059 small 38
115179 115260 4xlarge 7
115361 115541 3xlarge 9
115396 115548 small 13
115399 115671 medium 8
115427 115547 large 21
115500 115626 small 22
115526 115662 small 33
115544 115600 6xlarge 33
115615 115781 6xlarge 14
115627 115918 small 13
115630 115733 4xlarge 2
116456 116616 4xlarge 2
116464 116604 6xlarge 14
