#base_trace: ldns04, config_file: configs/journal/day1/config100-short-low.xml, total_servers: 100, total_time: 86400, time_dist_mean: 1.980000, time_dist_stdev: 0.760000, node_dist_mean: 0.270000, node_dist_stdev: 1.780000
0 864217 tiny 19
0 457919 large 15
131 392 large 4
208 368 medium 1
344 715 large 12
1338 1713 medium 18
1345 1759 medium 0
1379 1758 small 8
1379 1786 large 12
1404 1670 small 17
1435 1922 small 13
1483 1570 medium 12
1664 2023 xlarge 8
1966 2212 medium 18
2735 3244 medium 18
3207 3569 tiny 6
3715 3979 xlarge 8
3780 4197 small 13
4108 4276 xlarge 9
4194 4296 medium 18
4461 4670 large 12
4475 4615 large 8
4941 5203 medium 18
5743 6202 xlarge 7
5875 6589 large 8
5888 6281 large 14
6505 6895 large 12
7064 7280 xlarge 8
7169 7252 small 13
7274 7620 small 17
7415 7710 medium 18
7572 7892 small 18
7579 8093 medium 17
7612 8032 xlarge 15
7621 8091 xlarge 17
7652 8009 medium 16
7752 7841 medium 13
7850 8165 xlarge 9
7893 8383 tiny 14
8003 8323 tiny 11
8088 8353 medium 18
8472 8777 xlarge 7
8481 9122 medium 18
8592 8957 large 8
8866 9139 tiny 6
9411 9689 medium 18
9839 10184 large 12
9950 10760 medium 18
10378 10591 xlarge 8
10472 10762 small 13
10687 11304 large 12
10759 11012 tiny 6
10848 11313 small 17
11167 11577 tiny 6
11448 11826 tiny 11
11460 11906 xlarge 9
11529 11967 medium 18
11757 12053 large 14
11978 12161 large 8
11995 12268 xlarge 7
12053 12554 tiny 11
12098 12377 large 12
12153 12597 tiny 14
12189 12401 xlarge 9
12250 12382 medium 18
13400 13622 medium 18
13577 13950 large 12
13890 14189 medium 1
13986 14297 large 4
14136 14658 xlarge 7
14368 14635 large 8
14507 14947 medium 18
14528 14944 xlarge 9
15034 15454 tiny 11
15117 15340 medium 18
15192 15463 xlarge 9
15226 15465 tiny 14
15416 15747 small 13
16081 16434 xlarge 9
16103 16723 medium 18
16164 16435 tiny 14
16165 16492 tiny 11
16871 17213 small 15
16911 17154 xlarge 9
16920 17319 medium 5
16958 17205 large 18
17023 17468 medium 18
17052 17342 tiny 6
17070 17313 xlarge 0
17665 17795 large 8
17683 17770 xlarge 7
17737 18226 medium 18
18185 18776 large 12
18999 19452 xlarge 0
19004 19262 small 17
19077 19359 large 12
19140 19234 tiny 6
19146 19296 large 18
19371 19688 medium 18
20211 20548 large 14
20264 20694 large 8
20298 20486 xlarge 7
20627 20879 small 17
21891 22041 large 12
21979 22368 xlarge 7
22005 22294 large 14
22021 22289 large 8
22067 22357 tiny 6
22139 22330 xlarge 0
22171 22327 large 18
23881 25480 medium 18
24666 25045 tiny 12
24691 25320 small 17
24744 25244 xlarge 9
24782 24998 medium 7
24960 25299 small 12
24984 25273 tiny 14
25079 25286 tiny 18
25105 25378 tiny 11
25139 25427 large 3
25909 26509 large 8
26089 26270 large 12
26134 26676 tiny 14
26196 26583 tiny 11
26212 26503 small 12
26249 26689 xlarge 9
26250 26653 medium 18
26781 27137 medium 18
26852 27395 xlarge 8
26934 27378 small 13
26935 27230 xlarge 9
27152 27452 large 8
27508 27887 medium 18
28019 28487 medium 18
28594 29004 large 12
28878 29204 tiny 14
28887 29379 xlarge 9
28976 29139 tiny 11
29036 29537 medium 18
29038 29199 medium 10
29673 29940 small 13
29770 30399 tiny 6
29799 30123 xlarge 9
29838 30064 medium 18
29838 30365 large 18
29881 30062 xlarge 0
30116 30413 xlarge 17
30126 30571 medium 13
30161 30443 medium 16
30209 30572 xlarge 15
30222 30593 small 18
30234 30397 medium 17
30598 30712 large 12
30705 31145 medium 18
30712 31146 small 13
30731 31185 tiny 6
30798 31035 large 18
30816 30956 xlarge 8
30879 31047 xlarge 0
31197 31328 large 12
31253 31631 xlarge 7
31366 31649 large 8
32065 32179 small 13
32273 32450 tiny 6
32322 32637 small 17
32356 32447 large 8
33117 33873 medium 18
33342 33681 small 13
33366 33786 xlarge 8
33639 34103 medium 1
33836 33940 large 12
34903 35214 large 12
35009 35280 medium 10
35769 36681 medium 18
36185 36521 large 12
36353 36859 small 12
36388 36843 tiny 14
36415 36872 xlarge 9
36424 36687 tiny 11
37311 37543 medium 18
37454 37889 large 12
38148 38500 tiny 6
38192 38982 medium 18
38199 38433 large 18
38283 38453 tiny 3
38286 38698 small 4
38291 38687 xlarge 0
38318 38508 xlarge 9
38357 38485 small 13
38363 38651 tiny 11
38378 38654 xlarge 8
38396 38537 tiny 14
38618 38781 large 12
39434 39743 tiny 6
39436 39693 xlarge 8
39529 39635 small 13
39579 39878 large 8
39674 40762 large 12
39934 40488 xlarge 7
40140 40265 large 14
40191 40391 large 8
40625 41083 medium 18
41140 41690 large 8
41156 41668 tiny 6
41188 41654 xlarge 7
41208 41639 large 18
41341 41680 xlarge 0
41386 41664 large 14
41845 42298 large 12
41875 42217 medium 10
41909 42288 medium 18
41917 42280 tiny 1
43032 43348 large 18
43118 43372 large 8
43153 43453 tiny 6
44136 44519 medium 10
44141 44590 large 12
44300 44745 xlarge 8
44323 44941 small 13
44799 45237 medium 18
45348 45879 xlarge 8
45378 45686 small 13
45670 46182 xlarge 9
45777 46037 medium 18
45971 46462 small 13
47508 47884 medium 18
47549 47783 large 12
47868 48186 medium 10
48481 48799 xlarge 8
48514 48874 small 13
48635 49005 large 18
48720 49081 xlarge 0
48770 49425 tiny 6
49144 49451 small 13
49292 49656 medium 18
49355 49746 xlarge 9
49981 50557 medium 18
50594 50934 tiny 6
50734 52467 medium 18
51107 52149 large 8
51700 51951 large 18
51796 52117 tiny 6
52126 52383 large 12
52378 52714 xlarge 8
52473 52601 small 13
53139 53529 xlarge 0
53174 53554 tiny 6
53275 53506 large 18
53674 53944 small 13
53734 54838 medium 18
53749 54072 xlarge 9
53768 54203 tiny 11
53913 54104 large 12
53921 54201 small 12
53946 54262 tiny 14
54949 55478 tiny 11
55006 55340 medium 18
55054 55295 xlarge 9
55084 55290 large 12
55565 56046 small 13
55602 55835 small 4
55644 55938 xlarge 9
55717 55965 xlarge 8
55772 55906 tiny 3
55772 55841 tiny 11
55773 55979 medium 18
56140 56735 xlarge 9
56344 56947 medium 18
56437 56838 xlarge 8
56499 56813 small 17
56535 56912 tiny 11
56599 56985 tiny 3
56651 56855 small 13
57343 57770 medium 18
57416 57879 tiny 14
57461 57789 xlarge 9
57505 57760 tiny 11
57895 58012 small 13
57974 58410 xlarge 13
57977 58301 medium 10
58171 58255 tiny 1
58178 58439 large 13
58199 58621 medium 18
58363 58656 large 8
58745 59046 large 12
59190 59869 xlarge 8
59197 59806 small 13
59224 59507 tiny 3
59883 60690 medium 18
60128 60839 xlarge 9
60400 60706 tiny 11
61163 61476 medium 18
61260 61561 small 13
61328 61593 tiny 3
61331 61549 small 4
61421 61673 xlarge 8
61603 62040 xlarge 9
61732 62571 medium 18
61742 62074 tiny 11
62474 62956 xlarge 7
62596 62999 large 14
62608 62997 large 8
63443 63819 xlarge 9
63566 63788 medium 18
64168 64342 medium 18
64788 64864 large 8
64796 64874 medium 18
64832 65319 large 18
65088 65367 tiny 6
65434 65996 small 17
65586 65945 medium 18
66044 66827 small 13
66219 66684 xlarge 8
66460 66718 tiny 3
66505 66859 small 4
66684 67042 xlarge 7
66717 67155 large 10
66720 67165 large 14
66834 67152 large 8
67290 67565 medium 18
67313 67595 xlarge 8
67397 67727 small 17
67470 67769 small 13
68192 68663 tiny 11
68204 69092 medium 18
68330 68635 xlarge 9
68530 68796 large 8
69634 70764 medium 18
70635 70944 large 18
70690 71039 tiny 6
70708 71023 medium 1
70716 70854 medium 0
70762 71062 medium 12
70764 71041 large 12
70791 70957 small 8
71132 71508 medium 18
71172 71631 large 18
71199 71529 tiny 6
71289 71643 xlarge 0
71621 72102 small 17
72110 72412 xlarge 7
72137 72408 large 8
72472 72798 small 13
72940 73374 xlarge 9
73005 73662 medium 18
73018 73242 small 12
73019 73294 tiny 11
73075 73313 tiny 14
73117 73760 large 12
73143 73434 tiny 6
73946 74606 medium 18
74219 74482 tiny 11
74316 74507 xlarge 9
74564 75394 small 13
74734 75232 xlarge 8
74806 75082 small 4
74897 75159 tiny 3
74929 75452 large 12
76345 76670 tiny 6
76494 76591 large 18
77211 77557 medium 18
77778 78409 medium 18
78157 78598 xlarge 9
78246 78592 tiny 11
79149 79429 medium 18
79559 80010 medium 18
79620 79841 tiny 11
79656 79903 large 8
79738 80031 xlarge 9
80147 80543 small 4
80228 80691 tiny 3
80261 80618 xlarge 8
80398 80610 small 13
80488 80834 small 17
80740 81068 small 13
80808 81876 xlarge 9
80907 82159 medium 18
81585 81897 small 17
82088 82364 large 8
82566 83064 tiny 11
82680 83075 tiny 14
82715 82920 xlarge 9
82741 82860 medium 18
82899 83789 small 17
83259 83589 large 12
83849 85107 medium 18
84716 85196 medium 1
84726 84943 large 12
86151 86558 tiny 11
86273 86433 medium 18
86324 86632 xlarge 9
86593 86944 tiny 6
86841 87215 medium 18
87045 87436 small 17
87063 87410 small 13
87148 87383 xlarge 8
87217 87426 small 4
87291 87537 tiny 3
87738 88099 medium 18
87944 88664 small 13
88190 88421 medium 10
88545 88905 small 17
88751 89009 medium 18
89025 89311 large 8
89153 89571 tiny 11
89163 89874 small 13
89249 89740 large 18
89251 89953 medium 18
89256 89923 tiny 6
89260 89767 tiny 3
89262 89635 xlarge 9
89343 89833 xlarge 0
89364 89825 xlarge 8
89499 89815 small 4
89676 89945 small 17
90112 90537 large 12
90175 91051 medium 18
90298 90463 xlarge 9
90390 90853 medium 10
90414 90679 tiny 1
90473 90780 large 8
90535 90793 small 13
90675 91095 xlarge 9
90861 91087 large 12
90869 90989 tiny 11
91539 92056 xlarge 8
91620 91957 small 13
91691 92024 tiny 3
91795 92081 small 4
91863 92837 medium 18
92476 92986 tiny 11
92568 92903 xlarge 9
93718 94051 large 8
93741 94128 small 13
93771 94039 large 14
93791 94033 xlarge 7
93884 93966 medium 18
94366 94751 large 18
94465 94672 tiny 6
94703 95052 medium 18
94713 94929 tiny 14
94726 95004 tiny 11
94744 95064 xlarge 9
95089 95134 large 12
95593 95948 medium 18
96356 96820 small 4
96422 96713 tiny 3
96488 96696 xlarge 8
96583 96893 small 13
97111 97388 medium 10
97141 97399 tiny 1
97403 97533 medium 1
97863 98541 medium 18
98133 98445 xlarge 9
98149 98507 large 8
98207 98694 large 18
98286 98618 tiny 11
98325 98692 xlarge 0
98394 98498 tiny 6
98551 98991 large 12
98741 99079 small 13
98768 99390 medium 18
98972 99204 xlarge 8
99196 99481 small 17
99333 99649 large 12
99594 99653 medium 10
99811 100142 medium 18
100595 100833 xlarge 9
100618 100890 tiny 11
100682 100839 large 12
100708 101439 medium 18
100764 100889 tiny 14
100843 101314 large 8
101358 101627 small 13
101916 102163 xlarge 7
101957 102229 large 8
101968 102270 small 13
102488 102836 tiny 1
102492 102696 medium 10
102724 103793 xlarge 9
102756 103137 small 13
102873 104614 medium 18
102961 103255 large 3
102970 103475 tiny 18
102977 103414 tiny 14
102980 103575 tiny 11
102988 103421 large 8
103134 103378 small 12
