#base_trace: teragrid, config_file: configs/journal/day1/config100-short-low.xml, total_servers: 100, total_time: 86400, time_dist_mean: 0.688000, time_dist_stdev: 0.531000, node_dist_mean: -1.408000, node_dist_stdev: 1.907000
0 864177 small 4
0 95580 xlarge 15
152 569 medium 13
448 852 xlarge 11
1425 1927 medium 0
1495 1747 xlarge 11
3292 3518 tiny 11
3761 3994 medium 0
4184 4386 large 14
4353 4754 xlarge 11
4400 4713 xlarge 8
5738 6516 xlarge 8
6477 6729 xlarge 11
6954 7412 medium 0
7533 7920 medium 7
7591 7993 large 4
7793 8009 large 8
7844 8374 tiny 18
7949 8197 large 14
8005 8329 tiny 12
8442 8959 xlarge 8
10499 10606 medium 0
10586 10958 xlarge 11
11661 11992 large 14
11852 12187 xlarge 8
12041 12354 tiny 12
12178 12574 tiny 18
12248 12369 xlarge 11
12289 12385 large 14
14093 14291 medium 13
14394 14452 xlarge 8
15153 15335 tiny 18
15231 15392 tiny 12
15292 15442 large 14
16025 16473 large 14
16092 16249 tiny 12
16867 17350 medium 1
17078 17191 xlarge 17
17098 17307 tiny 11
17613 17959 xlarge 8
18112 18557 xlarge 11
19026 19355 xlarge 17
19189 19311 tiny 11
20171 20450 xlarge 14
20249 20675 xlarge 8
22124 22376 tiny 11
22130 22341 xlarge 8
22150 22308 xlarge 14
22199 22313 xlarge 17
24713 25129 medium 5
24989 25372 large 14
25093 25444 small 18
25100 25277 tiny 12
25197 25425 tiny 18
26223 26586 tiny 12
26278 26569 large 14
26333 26689 tiny 18
26848 27295 large 14
26989 27530 medium 0
27117 27386 xlarge 8
29023 29391 tiny 12
29030 29260 large 14
29736 30217 large 14
29821 30051 xlarge 17
29857 30047 tiny 11
30044 30393 large 8
30129 30362 large 4
30526 30794 xlarge 11
30720 31176 medium 0
31125 31299 xlarge 11
31421 31701 xlarge 8
32353 32516 medium 5
33498 33878 medium 0
35027 35143 xlarge 11
36431 36695 large 14
36456 36823 small 18
36489 36826 tiny 18
36492 36735 tiny 12
38151 38541 tiny 11
38183 38632 tiny 12
38211 38516 large 14
38316 38554 medium 0
38366 38556 xlarge 17
39566 39647 medium 0
40166 40286 xlarge 8
40480 40634 xlarge 11
41262 41586 xlarge 17
41343 41586 xlarge 8
41370 41482 tiny 11
41396 41451 xlarge 14
41856 42230 large 2
42986 43395 xlarge 8
44263 44622 xlarge 11
44348 44810 medium 0
45488 45739 medium 0
48356 48801 medium 0
53761 54180 tiny 18
53868 54061 xlarge 11
53965 54172 small 18
53985 54261 large 14
53998 54224 tiny 12
54990 55446 xlarge 11
55066 55463 tiny 12
55085 55497 large 14
55564 55978 medium 0
55614 55879 tiny 3
55714 55968 large 14
55752 56042 small 12
56174 56920 large 14
56632 56756 medium 0
57425 57634 large 14
57597 57864 tiny 12
57987 58436 large 2
59347 59917 medium 0
60213 60713 large 14
61433 61560 medium 0
61440 61534 small 12
61441 61699 tiny 3
61748 61893 large 14
62574 62937 xlarge 8
62607 62847 xlarge 14
66045 66693 medium 0
66638 67185 xlarge 8
66711 67041 xlarge 14
66789 67050 xlarge 9
67483 67725 medium 0
68325 68629 large 14
68597 68905 xlarge 8
70766 71046 xlarge 11
71206 71684 xlarge 17
71391 71533 tiny 11
72089 72503 xlarge 8
72968 73371 large 14
73022 73261 tiny 12
73107 73403 tiny 18
74203 74614 large 14
74798 75413 xlarge 11
74865 75169 medium 0
78041 78518 large 14
79599 80039 large 14
80267 80557 small 12
80288 80636 tiny 3
80291 80553 medium 0
80938 81703 large 14
82547 82868 large 14
82652 82981 tiny 12
86157 86684 large 14
87070 87399 small 12
87101 87578 medium 0
87223 87416 tiny 3
88774 88925 medium 5
89144 89599 large 14
89230 89856 medium 0
89336 89610 xlarge 17
89400 89550 tiny 11
89531 89985 small 12
89574 89998 tiny 3
90535 90862 large 2
90847 91097 large 14
91554 92051 tiny 3
91647 92003 medium 0
91673 91850 small 12
92598 92859 large 14
93663 94052 xlarge 14
93723 93999 xlarge 8
94582 95024 tiny 12
94725 95040 large 14
96581 96712 medium 0
96597 96874 xlarge 15
97392 97994 xlarge 15
98181 98448 large 14
98338 98673 tiny 11
98368 98620 xlarge 17
98489 98949 xlarge 11
99708 100070 xlarge 15
100591 101055 tiny 12
100744 100951 large 14
102983 103265 tiny 18
103032 103280 large 14
103055 103300 tiny 12
103194 103298 small 18
103783 104042 xlarge 15
