#base_trace: nd07cpu, config_file: configs/journal/day1/config100-short-low.xml, total_servers: 100, total_time: 86400, time_dist_mean: 2.442000, time_dist_stdev: 0.661000, node_dist_mean: 1.433000, node_dist_stdev: 2.022000
0 937 tiny 3
0 864033 tiny 8
0 222 tiny 18
0 864279 small 9
0 934 small 15
0 864038 small 19
0 223 medium 5
0 1148 medium 13
0 165 medium 16
0 1425 medium 18
0 156 large 0
0 136 large 1
0 864086 large 3
0 864136 xlarge 1
0 2979 xlarge 5
0 61 xlarge 6
0 222 xlarge 11
89 597 large 11
146 449 tiny 15
148 576 large 14
156 426 small 12
179 420 xlarge 4
188 525 large 17
194 335 small 1
217 341 tiny 2
534 763 xlarge 15
749 1099 xlarge 11
787 1034 large 10
801 1861 large 0
850 1073 tiny 15
850 1903 xlarge 6
852 1051 large 1
878 1082 tiny 18
943 1455 small 13
967 1316 large 12
1240 1675 tiny 18
1247 2187 medium 5
1257 1797 small 5
1278 1951 tiny 15
1287 1607 small 0
1314 1661 xlarge 9
1322 1924 tiny 10
1334 1972 medium 4
1343 1832 medium 13
1350 1720 large 10
1358 1869 tiny 1
1375 1704 xlarge 10
1394 1629 small 15
1403 1694 tiny 13
1448 1699 tiny 4
1488 1650 xlarge 15
1601 1855 large 1
1668 1971 xlarge 11
1925 2241 small 15
1953 2174 small 13
1967 2152 tiny 4
1969 2653 medium 18
2053 2203 large 12
2086 2596 tiny 3
2188 2501 large 9
2197 4341 tiny 15
2227 2677 small 4
2238 2492 medium 0
2279 2790 xlarge 9
2308 2652 xlarge 11
2333 2503 xlarge 3
2354 2547 large 16
2363 2680 xlarge 6
2370 3174 large 1
2383 2972 medium 13
2389 2593 large 0
2525 3254 medium 5
2547 3178 small 13
2621 2992 small 15
2662 3207 medium 4
2770 3035 large 12
2972 3145 tiny 4
2985 3174 medium 3
3041 3432 xlarge 3
3042 3405 medium 0
3117 3516 medium 1
3196 5009 xlarge 5
3206 3988 tiny 3
3262 3551 medium 13
3284 4134 medium 18
3332 3775 xlarge 6
3336 4151 large 0
3348 3887 tiny 18
3410 3747 large 10
3449 3816 xlarge 11
3463 3888 large 1
3490 3874 small 15
3700 4030 tiny 1
3713 4017 xlarge 9
3722 4008 medium 4
3730 4163 tiny 10
3741 3931 large 16
3792 4005 medium 13
3828 4177 small 4
3990 4779 medium 5
4051 4446 tiny 4
4154 4346 tiny 6
4176 4593 small 15
4268 6428 medium 18
4282 4579 xlarge 3
4335 4747 medium 13
4394 4788 medium 0
4404 4622 tiny 3
4407 4590 small 18
4418 4570 small 13
4461 4707 medium 3
4490 4565 large 12
4494 4773 xlarge 15
4690 4961 large 0
4706 5390 large 1
4706 4915 xlarge 11
4734 4863 tiny 18
4790 5075 xlarge 6
4853 5373 xlarge 3
4866 5202 small 13
4900 5862 tiny 3
4943 5695 medium 4
4994 6222 medium 5
5034 5367 medium 0
5068 5366 xlarge 4
5080 5134 tiny 4
5091 7287 tiny 15
5146 5764 small 15
5150 5545 xlarge 6
5192 5475 large 0
5194 6170 medium 13
5271 6678 xlarge 5
5360 5774 xlarge 9
5458 5748 small 4
5511 6043 large 1
5577 5850 large 9
5605 8068 small 13
5674 5847 large 16
5734 6395 large 12
5799 6293 large 4
5809 6063 xlarge 11
5828 6595 small 18
5842 6816 large 0
5925 6550 medium 3
6287 6516 xlarge 6
6361 6720 medium 5
6446 8181 small 15
6449 6704 xlarge 15
6495 6885 medium 4
6639 7149 large 12
6643 7079 medium 16
6651 6997 xlarge 9
6738 7101 small 4
6749 7447 large 1
6825 7153 large 16
6848 7987 medium 13
6862 7270 xlarge 11
6870 7347 medium 18
6934 11276 xlarge 5
7090 7418 tiny 10
7155 7251 medium 4
7186 7372 tiny 1
7243 7540 tiny 4
7294 7939 large 12
7358 7537 large 0
7396 7733 medium 5
7407 7688 large 10
7424 7663 tiny 18
7475 7632 xlarge 6
7475 7665 xlarge 10
7545 8033 small 8
7566 7836 large 2
7576 8006 small 7
7579 8053 small 6
7587 7889 tiny 19
7590 7918 tiny 15
7614 7944 medium 9
7642 7992 medium 10
7854 8351 large 6
7865 8396 xlarge 0
7895 8196 xlarge 3
7901 8186 tiny 6
7902 8937 xlarge 11
7922 8309 medium 15
7954 8256 xlarge 13
7977 8234 medium 12
7996 8195 medium 18
8044 8356 tiny 3
8045 8192 medium 0
8048 8214 medium 5
8066 8219 xlarge 14
8069 8338 tiny 14
8071 8133 tiny 4
8083 9075 large 1
8144 8591 medium 13
8222 9178 tiny 15
8271 8646 large 0
8360 8651 xlarge 6
8459 9141 medium 5
8509 8974 large 12
8596 8989 small 13
8611 8911 xlarge 4
8620 8748 small 18
8627 9233 tiny 4
8644 8923 large 4
8662 8886 medium 3
8735 9191 small 15
8736 9280 medium 4
8746 9454 tiny 3
8810 9071 xlarge 3
8846 9056 xlarge 6
8878 9392 xlarge 9
8887 9455 large 16
8899 9195 medium 0
8932 9496 medium 13
8940 9249 medium 1
8966 9428 medium 18
8988 9978 large 0
9126 9438 large 9
9152 9385 small 13
9255 9565 small 4
9354 9843 medium 5
9373 9673 xlarge 6
9418 10032 tiny 15
9423 9656 tiny 4
9497 10006 small 15
9640 10151 medium 18
9651 10028 large 1
9658 10063 tiny 3
9668 10066 medium 4
9688 9952 medium 0
9774 10007 small 13
9777 10263 medium 13
9798 9980 xlarge 3
9892 9980 xlarge 11
9974 10570 medium 5
10077 10648 tiny 4
10251 10547 tiny 1
10267 11062 medium 4
10336 11176 xlarge 6
10374 11048 tiny 15
10440 11160 large 0
10457 10614 tiny 10
10465 11512 medium 18
10542 10961 medium 1
10557 11004 small 0
10576 11000 tiny 13
10582 11266 xlarge 15
10658 10856 small 5
10662 11433 tiny 3
10699 11527 medium 0
10711 11568 xlarge 3
10777 11484 small 15
11024 11214 tiny 18
11039 11253 large 10
11061 11329 xlarge 10
11096 12264 medium 13
11203 11452 medium 1
11205 11541 small 4
11255 11496 large 1
11255 11680 xlarge 11
11259 11552 tiny 15
11310 11565 large 16
11312 11540 xlarge 9
11315 11561 large 9
11480 11863 tiny 18
11525 11810 xlarge 5
11596 11823 xlarge 6
11603 12297 small 13
11620 11732 large 10
11631 11872 tiny 6
11652 11951 large 0
11662 11771 medium 5
11686 11947 tiny 4
11849 14474 tiny 15
11849 12121 large 4
11853 12165 large 12
11901 12178 large 1
11924 12542 small 15
11952 12271 tiny 3
11959 12104 small 18
11967 12382 medium 18
11991 12137 medium 3
12057 12569 xlarge 15
12059 12414 medium 15
12062 12335 xlarge 6
12077 12593 tiny 4
12078 12492 xlarge 13
12081 12477 tiny 18
12120 12357 tiny 14
12170 13455 large 0
12180 12469 xlarge 14
12182 12354 medium 4
12186 12569 medium 5
12210 12428 xlarge 0
12215 12345 large 6
12216 12354 large 10
12286 12537 medium 12
12290 12476 tiny 6
12297 13776 xlarge 5
12411 14662 medium 13
12585 12862 large 16
12589 12730 xlarge 9
12692 13351 tiny 18
12705 13458 medium 0
12718 13095 small 13
12724 13012 large 12
12731 13015 medium 4
12731 13281 xlarge 6
12746 13477 large 1
12778 13234 large 10
12810 13431 xlarge 3
12822 13272 xlarge 10
12823 13767 medium 18
12842 12963 small 18
12855 12978 medium 3
12877 13396 tiny 3
13024 13382 xlarge 11
13178 13848 small 15
13239 13653 medium 5
13267 13869 xlarge 9
13280 13981 large 16
13299 13666 tiny 4
13407 13963 small 4
13873 14810 small 13
13873 14313 xlarge 4
13900 14283 large 17
13924 14696 large 1
13924 14266 large 14
13982 14388 medium 18
13989 14148 small 12
13993 14167 tiny 3
14043 14370 large 11
14060 14251 tiny 2
14083 14381 small 1
14181 14787 small 15
14210 14934 medium 3
14219 14884 large 12
14229 14609 large 4
14243 14482 medium 4
14253 17477 xlarge 5
14263 15464 medium 5
14337 14439 xlarge 11
14362 14456 small 18
14503 14933 tiny 6
14566 14841 medium 18
14661 14894 tiny 4
14800 15227 medium 4
14828 15244 large 1
14837 15118 xlarge 9
14846 16370 tiny 15
14850 16016 large 0
14925 16367 medium 13
15045 15700 small 13
15056 15483 medium 12
15059 15573 medium 18
15084 16434 small 15
15097 15485 xlarge 13
15139 15512 tiny 6
15142 15387 xlarge 14
15147 15724 large 12
15148 15367 medium 15
15161 15392 large 6
15175 15531 xlarge 6
15188 15455 tiny 4
15199 15389 tiny 14
15261 15369 xlarge 0
15287 15349 large 19
15395 16196 medium 4
15401 15733 tiny 1
15574 15780 xlarge 9
15632 16108 xlarge 10
15636 15969 large 10
15696 16115 tiny 18
15871 16024 xlarge 6
15882 16161 medium 18
15935 16365 tiny 6
15935 17559 medium 5
15958 16252 medium 12
15977 16282 large 1
15984 16376 xlarge 4
15986 16364 xlarge 14
16001 16299 tiny 14
16010 16499 xlarge 0
16039 16452 large 14
16050 16569 small 13
16087 16456 large 6
16096 16317 small 1
16164 16792 tiny 4
16179 16255 medium 15
16549 17562 large 0
16594 17805 medium 13
16600 17206 medium 18
16607 17181 large 16
16613 17500 xlarge 9
16663 17236 tiny 3
16693 17632 xlarge 6
16694 17367 small 15
16746 18428 tiny 15
16833 17347 medium 14
16847 17165 large 5
16851 17220 small 2
16882 17885 large 1
16893 17218 tiny 16
16947 17298 medium 19
16957 17917 small 13
16957 17237 xlarge 17
16961 17152 xlarge 3
16972 17340 tiny 6
17014 17688 tiny 4
17014 17241 medium 0
17025 17345 medium 1
17096 17184 large 12
17157 17465 tiny 18
17283 17733 medium 4
17346 17638 large 10
17457 17985 medium 16
17477 17937 medium 18
17534 17752 small 18
17565 17866 medium 3
17569 17958 xlarge 11
17640 17748 large 12
17642 17860 large 4
17767 19475 xlarge 5
17828 18845 small 15
17904 18184 tiny 4
17946 18349 medium 5
18084 18340 small 5
18092 18640 large 1
18178 18852 xlarge 11
18188 19373 large 0
18203 19256 small 13
18219 19260 medium 18
18243 18638 xlarge 15
18264 18382 xlarge 6
18291 18443 large 12
18384 19161 medium 13
18435 18862 large 14
18446 18856 small 1
18594 18662 xlarge 4
18645 19361 medium 0
18722 19470 xlarge 3
18817 19128 medium 5
18845 19401 tiny 15
18880 19407 tiny 3
18967 19493 xlarge 17
18998 20509 small 15
19000 19261 large 1
19087 19477 tiny 18
19120 19415 large 10
19132 19259 medium 1
19163 19427 xlarge 10
19167 19341 xlarge 6
19335 19554 tiny 4
19363 19774 medium 5
19413 20783 medium 13
19533 20639 tiny 15
19564 20168 xlarge 11
19573 20220 large 1
19758 19985 xlarge 5
19974 20454 small 13
19984 20358 small 4
19994 20205 xlarge 9
20004 20385 medium 4
20019 20397 tiny 0
20068 20340 large 9
20087 20276 large 16
20159 20691 small 14
20159 21284 xlarge 6
20162 21555 medium 18
20198 20455 medium 5
20227 23494 xlarge 5
20237 20676 large 8
20263 20444 medium 3
20310 20456 large 12
20320 20571 small 18
20339 20532 large 4
20389 23487 large 0
20450 21247 large 1
20452 20752 xlarge 3
20465 20769 xlarge 11
20560 20987 large 10
20569 20859 medium 1
20592 21475 tiny 3
20655 20835 tiny 18
20685 20775 xlarge 10
20693 20946 medium 0
20930 22236 tiny 15
21066 21470 xlarge 4
21263 22284 medium 13
21298 21339 xlarge 9
21365 22365 medium 4
21401 21778 small 13
21412 22187 large 1
21530 21762 large 12
21557 22545 xlarge 6
21648 22499 medium 18
21687 22676 small 15
21726 22101 xlarge 11
21936 22343 large 4
21937 22686 large 10
21992 22376 small 13
21994 22699 tiny 18
22003 22329 large 8
22037 22400 medium 3
22041 22273 medium 1
22049 22397 small 14
22091 22445 medium 0
22114 22344 small 18
22134 22298 xlarge 17
22139 22329 tiny 3
22162 22310 medium 14
22169 22380 xlarge 3
22188 22357 large 12
22300 22666 medium 16
22300 22833 xlarge 11
22439 22613 large 18
22461 23029 large 1
22557 24113 medium 13
22587 22927 medium 5
22604 24101 medium 18
22891 23220 xlarge 6
22903 23534 small 15
22967 23266 large 12
23019 23984 small 13
23143 23617 xlarge 11
23171 23624 tiny 3
23190 23579 tiny 15
23225 23532 large 1
23456 23813 xlarge 9
23593 23758 large 12
23741 24678 small 15
23846 25450 medium 5
23962 24474 xlarge 5
23990 25471 tiny 4
24037 24349 xlarge 6
24080 24380 medium 16
24109 24406 xlarge 11
24163 25044 large 1
24180 24436 tiny 15
24193 24454 medium 4
24205 24466 large 0
24337 24817 medium 13
24494 24738 xlarge 9
24518 24749 large 16
24646 25547 tiny 18
24653 25673 large 10
24672 25077 large 7
24722 28166 xlarge 5
24732 25093 medium 4
24738 25480 small 13
24759 25052 tiny 5
24771 25643 xlarge 10
24790 25334 tiny 15
24821 25158 medium 6
24830 25651 xlarge 6
24837 25473 tiny 6
24846 24991 medium 11
24851 27398 large 0
24882 24975 small 3
24985 25365 large 19
24996 25427 medium 18
25012 25340 xlarge 8
25041 25301 xlarge 13
25076 25452 large 6
25081 25317 tiny 7
25085 25445 tiny 3
25097 25412 small 15
25110 25269 medium 15
25111 25274 xlarge 14
25124 25251 medium 12
25131 25289 large 12
25152 25375 small 11
25177 25443 xlarge 2
25184 25255 xlarge 0
25190 25311 tiny 14
25278 26540 medium 13
25534 25986 xlarge 11
25619 26086 large 1
25633 26030 xlarge 9
25637 26579 tiny 15
25943 26732 small 13
25966 26693 large 12
26000 26804 medium 18
26027 26692 small 18
26059 26233 xlarge 15
26071 26142 small 15
26078 26678 medium 3
26159 26590 tiny 4
26160 26664 medium 15
26161 26651 medium 5
26203 26479 tiny 6
26251 26695 medium 4
26271 26945 tiny 3
26293 26508 medium 12
26295 26531 xlarge 0
26309 26666 large 6
26321 26500 tiny 14
26334 26671 xlarge 6
26342 26630 xlarge 14
26359 26466 xlarge 13
26363 26580 large 19
26664 26973 small 15
26754 29240 medium 13
26766 27246 medium 5
26781 28884 tiny 15
26783 27369 xlarge 6
26787 27108 large 10
26787 27514 xlarge 9
26844 27355 tiny 1
26859 27186 tiny 6
26880 27562 medium 4
26975 27450 tiny 10
26980 27180 tiny 18
26982 27186 tiny 4
27069 27539 tiny 3
27069 27464 medium 18
27199 27543 large 12
27211 27588 large 1
27261 27423 medium 3
27271 27562 small 13
27290 27519 small 18
27383 27808 tiny 4
27394 27845 medium 5
27655 28114 large 1
27688 28043 small 13
27804 29449 small 15
27898 28052 xlarge 11
27948 28572 medium 4
27979 28793 medium 5
28179 28373 tiny 4
28249 28636 xlarge 6
28276 28535 medium 18
28285 28602 xlarge 3
28315 28899 xlarge 11
28355 29247 large 1
28400 28677 tiny 18
28414 28631 large 10
28433 28771 xlarge 10
28467 28670 tiny 3
28476 28798 large 0
28489 28794 medium 0
28500 28705 xlarge 5
28549 29304 xlarge 9
28646 29178 small 4
28662 29213 large 16
28700 28850 large 14
28717 28844 small 1
28717 29023 xlarge 4
28910 29241 large 9
28912 29245 xlarge 0
28923 29444 tiny 4
28931 29222 medium 15
28943 29369 xlarge 13
28959 29293 medium 12
28975 29170 xlarge 5
28997 29389 tiny 6
29008 29388 tiny 0
29019 29341 xlarge 14
29030 29167 large 0
29064 29236 tiny 14
29067 29372 large 6
29086 29440 medium 5
29100 29180 large 19
29156 29689 medium 0
29185 29681 tiny 3
29316 29667 medium 18
29398 29611 xlarge 3
29491 29806 xlarge 11
29569 30270 medium 13
29611 29840 large 1
29622 30107 xlarge 5
29644 29941 medium 4
29668 30170 tiny 15
29669 29952 tiny 1
29763 30461 medium 1
29766 30059 medium 5
29771 30448 small 13
29774 30229 large 0
29847 30067 xlarge 9
29863 30237 xlarge 6
29881 30108 tiny 4
29884 31011 tiny 3
29892 30350 medium 0
29894 30113 tiny 6
29936 30555 xlarge 17
29939 30069 small 15
29972 31155 medium 18
29988 30419 xlarge 3
30038 30703 xlarge 11
30086 30457 small 7
30088 30487 small 6
30093 30745 large 1
30116 30371 medium 9
30141 30393 tiny 19
30157 30351 large 12
30188 30513 medium 10
30209 30529 large 2
30219 30548 small 8
30420 30812 xlarge 15
30512 30773 small 5
30533 31143 tiny 15
30554 30689 large 0
30561 31851 small 15
30571 30774 xlarge 5
30598 30670 medium 13
30656 31159 medium 1
30683 31102 medium 0
30710 31149 large 12
30712 31186 tiny 10
30745 31032 medium 3
30752 31067 xlarge 17
30773 31196 xlarge 3
30809 31178 medium 4
30848 31084 small 18
30854 31069 tiny 1
30861 31125 tiny 4
30880 31131 medium 5
30900 30946 small 13
30974 31474 xlarge 15
31137 32682 large 0
31146 32866 xlarge 5
31238 31607 small 18
31245 31571 small 13
31252 32517 medium 13
31268 31694 large 4
31341 32551 xlarge 6
31368 31599 medium 3
31383 31799 medium 5
31492 31697 large 12
31646 32095 medium 18
31888 32388 xlarge 11
31992 32132 large 1
32005 32790 medium 4
32026 32293 tiny 1
32073 33264 tiny 15
32135 32745 tiny 3
32147 32610 tiny 5
32167 32654 small 3
32198 33172 medium 18
32202 32621 large 10
32220 32530 medium 3
32226 32916 small 13
32226 32944 medium 0
32314 32599 small 18
32315 32616 tiny 18
32321 32812 xlarge 3
32347 32515 xlarge 10
32352 32647 medium 1
32392 32838 large 12
32627 32797 xlarge 4
32655 32774 medium 5
32682 33238 small 15
32825 33085 medium 13
32861 33293 xlarge 9
32896 33153 large 16
32991 33043 small 4
33084 33716 xlarge 5
33160 33989 medium 5
33195 33713 large 0
33261 33817 tiny 4
33332 34152 large 1
33334 33793 medium 4
33432 33654 tiny 10
33492 34788 tiny 15
33528 34119 small 15
33535 33795 tiny 1
33600 33844 small 13
33655 34105 small 1
33658 33960 small 12
33697 33956 xlarge 4
33745 34082 xlarge 11
33751 35820 medium 13
33788 34193 tiny 2
33795 33984 small 4
33824 34033 large 17
33826 33968 large 16
33869 34147 large 14
33870 34136 medium 18
33888 33972 xlarge 9
33962 34792 large 0
34004 35944 xlarge 5
34080 34487 large 12
34156 34356 small 13
34189 34784 xlarge 6
34242 34600 large 1
34264 34645 medium 4
34324 34696 large 16
34333 34708 small 4
34366 34536 tiny 18
34411 34679 large 10
34443 34652 xlarge 10
34493 34776 xlarge 9
34496 34779 small 15
34497 34671 xlarge 11
34554 34887 xlarge 4
34752 34875 medium 5
34844 35478 small 15
34862 35317 xlarge 9
34865 35324 small 0
34912 35323 tiny 0
34918 35298 tiny 15
34939 35372 small 4
34947 35145 large 9
34973 36083 large 1
34984 35334 large 16
35007 35229 small 5
35031 35303 xlarge 15
35069 35257 tiny 13
35099 36174 xlarge 11
35152 36046 small 13
35223 35662 medium 3
35243 35871 large 0
35293 36277 large 12
35447 35867 xlarge 9
35464 35820 tiny 15
35571 35906 small 4
35603 35993 large 16
35688 36714 medium 5
35793 36710 tiny 4
35864 36241 medium 3
36070 36417 large 10
36084 37647 xlarge 6
36137 36440 small 15
36139 36389 tiny 18
36157 36350 xlarge 15
36244 37670 large 0
36263 37996 xlarge 5
36337 36782 large 12
36337 37378 xlarge 9
36340 36735 small 4
36350 36635 large 6
36351 37619 medium 13
36353 36758 medium 12
36354 36728 tiny 14
36381 36754 xlarge 13
36402 36683 xlarge 0
36413 36770 xlarge 2
36415 36800 small 11
36431 36843 xlarge 8
36435 36969 medium 18
36452 36648 tiny 7
36471 36846 medium 3
36483 36794 small 13
36528 37067 tiny 15
36528 36777 large 19
36536 36664 large 16
36544 36869 xlarge 14
36560 36751 tiny 6
36569 36819 large 9
36581 36761 medium 15
36770 37420 tiny 18
36827 37476 large 10
36846 37190 medium 4
36980 37391 large 1
37042 37360 large 16
37109 39684 medium 5
37129 37341 small 13
37193 38192 small 15
37313 37937 tiny 4
37367 37615 xlarge 15
37702 38580 medium 18
37719 37972 tiny 15
37990 38260 large 1
38042 38944 medium 13
38073 38655 tiny 3
38162 38675 tiny 6
38164 38437 xlarge 10
38169 39109 tiny 15
38177 38642 xlarge 3
38178 38627 medium 12
38222 38609 xlarge 17
38228 38651 large 0
38230 38546 large 10
38271 38450 medium 1
38274 38618 tiny 18
38292 38459 medium 0
38313 38548 xlarge 5
38318 38473 tiny 1
38321 38550 tiny 10
38332 38897 medium 4
38335 38934 tiny 4
38368 38534 xlarge 6
38394 38453 xlarge 0
38399 38620 medium 15
38473 39778 small 13
38607 38976 xlarge 9
38620 39237 small 15
38692 38784 xlarge 15
38785 39112 tiny 18
38786 39297 xlarge 3
38802 39135 medium 0
38824 39062 xlarge 11
38846 39334 large 0
38866 39720 medium 18
38874 39365 xlarge 5
38879 40349 large 1
38928 39042 xlarge 10
38939 39420 xlarge 6
38979 39203 large 10
38987 39849 tiny 3
39122 39704 large 12
39146 39493 medium 13
39333 39691 small 18
39339 39653 xlarge 3
39353 39686 medium 1
39455 39887 tiny 1
39477 39714 medium 4
39486 39690 tiny 10
39493 39732 medium 3
39571 39867 tiny 15
39579 39869 medium 0
39684 44498 xlarge 5
39701 39946 xlarge 11
39761 40046 medium 16
39809 41186 medium 13
39835 40062 xlarge 16
39839 40791 small 15
39863 40054 large 18
39879 40710 xlarge 15
39998 40251 large 12
40000 40395 medium 18
40033 40272 medium 3
40058 40335 small 4
40076 40349 small 13
40077 40497 large 16
40078 40408 small 18
40149 40458 xlarge 9
40168 40303 large 4
40198 40353 medium 5
40386 40705 xlarge 6
40401 40880 medium 4
40473 41132 large 0
40474 40860 tiny 15
40571 42332 medium 5
40789 40948 tiny 4
40873 41236 small 15
40876 41516 medium 18
40963 41682 small 13
40975 41186 large 16
41032 41313 xlarge 6
41036 41643 large 12
41041 41234 xlarge 9
41132 41466 medium 0
41137 42342 tiny 15
41140 41563 small 18
41170 41494 xlarge 3
41229 41645 medium 3
41253 41467 tiny 3
41253 41519 medium 1
41277 41698 xlarge 17
41358 42233 medium 4
41399 41679 large 4
41480 42076 xlarge 6
41496 41733 tiny 18
41571 41856 large 10
41578 43760 large 0
41648 42161 large 1
41753 42048 large 16
41806 42105 medium 7
41813 42192 tiny 4
41837 42128 medium 16
41839 42208 medium 8
41850 42242 tiny 11
41855 44820 medium 13
41857 42153 xlarge 9
41877 42156 tiny 0
41896 42037 medium 18
41897 42217 large 9
41929 42427 small 15
41952 42081 small 17
41960 42195 xlarge 11
41971 42085 small 4
41989 42101 xlarge 15
41992 42223 medium 2
42289 43774 small 13
42350 43159 large 16
42404 42738 xlarge 3
42407 43249 xlarge 9
42413 43086 small 4
42417 43038 xlarge 6
42441 42710 large 1
42480 42799 medium 0
42487 43949 medium 18
42517 42659 xlarge 11
42587 43372 tiny 3
42650 43098 small 15
42656 43095 tiny 15
42705 43158 medium 5
42833 43060 tiny 18
42988 43428 xlarge 11
42994 43317 small 18
43064 43342 medium 0
43070 43413 medium 16
43079 43760 large 12
43079 43285 large 18
43099 43469 xlarge 17
43133 43371 xlarge 3
43167 43263 medium 1
43175 43728 large 1
43179 43406 medium 3
43367 43622 xlarge 6
43658 43877 medium 0
43674 43955 tiny 3
43728 44051 xlarge 3
43785 44040 medium 1
43910 44629 large 12
43940 44871 small 15
43946 44750 tiny 15
43951 44908 xlarge 9
44000 44825 large 16
44015 44739 medium 4
44046 44454 xlarge 11
44048 44640 large 0
44056 44585 large 1
44085 44547 small 13
44148 44450 tiny 0
44216 44980 tiny 10
44218 44642 small 0
44222 44529 tiny 13
44333 44565 xlarge 15
44346 44685 small 5
44353 44696 medium 5
44362 44919 small 4
44363 44850 large 9
44368 44889 tiny 1
44465 44769 small 1
44501 44885 large 14
44684 44893 xlarge 4
44741 45941 xlarge 5
44747 45996 xlarge 6
44806 45279 large 1
44892 45215 tiny 4
44905 45346 medium 5
44986 45987 large 0
45096 45475 large 10
45127 45830 small 13
45140 50675 medium 13
45209 45559 xlarge 4
45219 45747 tiny 18
45234 45684 tiny 15
45247 45646 medium 4
45362 46101 small 15
45400 47029 large 1
45454 45706 tiny 10
45481 45742 medium 3
45494 46637 xlarge 11
45534 45844 medium 18
45540 45698 tiny 1
45589 45640 large 12
45634 45967 large 9
45642 45975 large 16
45659 46136 large 2
45663 46046 small 6
45689 46115 small 4
45692 46121 medium 10
45705 46081 tiny 4
45710 46044 medium 9
45744 46146 tiny 19
45837 46073 tiny 6
45843 46152 medium 5
45850 46106 xlarge 9
45870 46170 small 7
46005 46289 tiny 15
46030 46442 tiny 1
46050 47154 small 13
46103 46455 medium 4
46238 46730 small 1
46240 46761 large 0
46357 46704 large 14
46378 46654 large 12
46391 46658 small 15
46454 46636 xlarge 5
46482 46764 xlarge 4
46577 46932 tiny 4
46699 46917 medium 5
46887 48427 large 0
46906 48515 xlarge 5
46993 47176 large 12
47025 47295 tiny 15
47040 47251 small 15
47213 47560 medium 18
47232 48249 xlarge 6
47363 47933 medium 5
47381 47555 xlarge 9
47469 48410 small 15
47622 47815 xlarge 15
47630 47758 tiny 4
47775 48350 small 4
47842 48269 tiny 0
47861 48417 large 16
47867 48066 large 9
47970 48427 xlarge 9
48290 48430 xlarge 4
48334 49585 tiny 15
48343 49439 medium 4
48428 49668 large 1
48535 48744 tiny 1
48574 48738 tiny 10
48636 49030 medium 5
48651 49054 xlarge 17
48681 49423 tiny 3
48683 49249 xlarge 3
48709 49357 medium 18
48849 50365 small 15
48850 49424 medium 1
48854 49260 medium 0
48968 49272 xlarge 6
48982 49330 xlarge 9
49070 49995 xlarge 5
49071 49392 tiny 1
49076 49318 tiny 10
49088 49929 large 0
49095 49380 large 16
49111 49690 xlarge 11
49116 49338 small 4
49255 49575 medium 5
49378 49781 tiny 4
49480 49695 tiny 6
49926 50556 tiny 4
49931 50677 medium 5
50038 50249 small 13
50158 50999 large 0
50261 50894 tiny 15
50282 51057 xlarge 5
50319 50917 medium 4
50498 51135 medium 0
50565 51482 medium 18
50591 51259 medium 1
50622 51260 xlarge 3
50689 50943 xlarge 6
50700 51288 tiny 3
50700 50943 small 15
50745 52306 tiny 4
50771 52751 small 13
50820 53059 medium 5
50957 51949 large 12
51064 51465 medium 13
51074 51942 medium 3
51075 51735 tiny 15
51135 51501 small 15
51182 52110 small 18
51378 51751 large 0
51384 51863 tiny 18
51384 51641 large 10
51402 51814 xlarge 5
51471 51761 medium 4
51479 51640 xlarge 6
51507 51724 xlarge 10
51653 52128 tiny 3
51672 52090 xlarge 3
51739 52020 xlarge 17
51781 52440 small 15
51845 52051 medium 1
51877 52156 medium 0
51883 52194 medium 18
51971 52277 large 1
51998 52381 xlarge 5
52049 52494 xlarge 11
52081 52488 xlarge 6
52148 52868 medium 13
52151 52765 tiny 15
52183 52440 large 0
52198 52428 xlarge 15
52246 52567 medium 3
52339 52928 medium 18
52360 52737 medium 4
52445 52655 tiny 1
52455 52566 large 12
52464 52679 tiny 10
52573 53057 small 4
52582 53065 medium 0
52602 52895 tiny 3
52642 52925 xlarge 3
52662 53158 xlarge 6
52700 53048 large 16
52735 54202 large 0
52780 52869 xlarge 9
52792 60068 xlarge 5
52842 53573 small 15
52880 53154 small 13
52888 53236 xlarge 10
52926 53138 tiny 18
52957 53235 large 12
53024 53364 tiny 1
53026 53278 tiny 15
53073 53372 large 10
53099 53322 medium 4
53142 53483 xlarge 17
53252 53696 xlarge 3
53273 53861 xlarge 9
53275 53641 tiny 3
53342 54294 medium 13
53352 53505 medium 0
53382 53568 medium 1
53391 53494 medium 18
53533 54033 tiny 15
53563 54103 xlarge 6
53573 53993 tiny 1
53587 54190 medium 4
53593 53825 large 16
53758 54079 small 13
53773 54092 large 19
53779 54078 xlarge 15
53788 54057 xlarge 4
53799 54255 xlarge 13
53808 54042 tiny 7
53822 54148 large 12
53842 54117 medium 12
53849 54208 xlarge 11
53870 54793 tiny 4
53892 54530 small 15
53920 54164 tiny 14
53925 54257 large 6
53926 54671 medium 5
53929 54229 xlarge 14
53930 54099 tiny 6
53940 54077 small 11
53957 54299 xlarge 8
53960 54137 medium 15
53971 54271 xlarge 2
53984 54120 large 1
53997 54163 xlarge 0
54347 54692 xlarge 9
54351 54659 tiny 15
54365 55488 xlarge 6
54368 54864 medium 13
54417 54819 medium 4
54423 55435 large 0
54571 55049 medium 18
54642 55001 tiny 3
54680 55372 large 1
54757 55481 small 13
54792 55022 small 18
54813 55081 medium 3
54843 55170 large 12
54860 55355 xlarge 11
54870 55329 small 15
54935 55455 medium 16
54937 55495 xlarge 0
54968 55308 tiny 6
54980 55420 xlarge 9
54995 55303 xlarge 15
54998 55387 small 4
55010 55413 xlarge 4
55085 55488 tiny 4
55094 55412 medium 5
55122 55240 medium 12
55170 55490 tiny 15
55187 55484 large 16
55193 55705 medium 13
55537 56019 medium 4
55545 56060 medium 5
55545 56080 large 13
55599 56085 tiny 1
55611 55841 small 15
55637 56535 large 12
55670 56004 xlarge 11
55686 56043 tiny 15
55705 57477 small 13
55705 55862 medium 3
55710 56020 tiny 10
55732 56048 large 1
55746 55939 tiny 6
55778 55833 tiny 4
55836 56488 small 4
55925 58979 medium 13
55981 56870 large 16
56030 56943 xlarge 9
56132 57263 medium 18
56174 57066 large 0
56176 56482 large 9
56196 56770 tiny 4
56215 57289 large 10
56256 57041 medium 5
56301 56784 tiny 6
56307 57272 xlarge 6
56309 57491 tiny 15
56357 57187 tiny 18
56449 56924 tiny 1
56467 56903 medium 15
56500 57425 medium 4
56532 56803 large 1
56544 56983 xlarge 11
56569 56838 medium 12
56610 57230 xlarge 10
56636 57197 small 15
56676 56731 tiny 10
56677 56898 xlarge 0
56771 57277 tiny 3
56845 57142 medium 0
56896 57139 xlarge 3
57344 57658 medium 12
57353 57803 tiny 6
57397 57871 tiny 18
57400 58793 xlarge 9
57406 57770 large 0
57409 57692 xlarge 6
57414 57666 tiny 4
57414 58584 medium 5
57439 57743 small 15
57450 57878 large 10
57454 57836 xlarge 14
57458 57713 large 6
57491 57779 large 1
57543 57896 tiny 14
57564 57729 xlarge 0
57587 57739 medium 15
57718 58144 medium 4
57728 58060 tiny 1
57787 58145 small 13
57849 58199 large 12
57855 58133 tiny 15
57967 58706 tiny 4
57967 59440 xlarge 6
57971 58431 medium 2
57978 58702 medium 18
57983 58790 tiny 0
57990 58588 small 4
57997 58335 small 15
58009 58583 large 16
58017 58419 small 17
58017 58268 xlarge 3
58019 58400 medium 8
58026 58380 tiny 11
58031 58782 tiny 3
58054 58279 large 1
58073 58406 tiny 9
58077 59620 large 0
58077 58370 large 10
58083 58636 large 9
58105 58276 tiny 18
58130 58393 medium 7
58146 58340 xlarge 11
58184 58284 medium 0
58272 61015 small 13
58377 58728 large 12
58443 58541 small 18
58475 58707 medium 3
58541 58990 large 1
58544 59044 xlarge 11
58785 59385 small 15
58844 59287 medium 5
59010 59876 medium 4
59046 60258 tiny 15
59134 60401 medium 18
59195 59753 tiny 1
59234 59733 medium 13
59249 59983 tiny 3
59304 59962 tiny 10
59438 59934 small 18
59446 59809 medium 0
59454 59731 medium 3
59505 59832 large 12
59509 59905 xlarge 9
59695 59737 xlarge 3
59743 60754 medium 5
59763 60148 large 0
59860 60813 tiny 4
59865 60115 xlarge 6
60156 61916 medium 13
60220 60682 tiny 6
60496 61864 small 15
60524 60809 xlarge 0
60553 61549 xlarge 9
60632 61090 small 4
60687 62050 xlarge 6
60712 62009 large 0
60734 61199 tiny 0
60739 61098 large 12
60755 61115 large 9
60765 60944 large 16
60815 64326 xlarge 5
60853 61052 tiny 3
60892 61460 medium 18
60893 61188 xlarge 4
60955 61441 tiny 4
60974 62616 medium 5
60988 62246 large 1
61074 61636 xlarge 11
61242 61762 tiny 18
61242 61621 large 10
61276 61675 large 12
61318 61664 large 16
61342 62278 tiny 15
61356 61638 small 4
61399 61593 large 13
61413 61798 tiny 1
61445 61771 small 13
61464 61593 tiny 10
61495 61967 medium 4
61534 61845 tiny 6
61606 62615 tiny 4
61698 62010 xlarge 0
61767 63225 medium 18
61787 62020 medium 12
61787 61863 medium 15
61965 62232 xlarge 11
62064 62220 small 13
62134 62993 small 15
62141 63708 xlarge 9
62189 63764 medium 13
62444 62804 tiny 15
62452 62897 large 1
62453 62995 small 4
62464 63152 large 16
62553 62824 xlarge 11
62560 62854 large 12
62566 62731 medium 3
62575 62996 large 4
62622 62925 small 18
62669 62909 medium 4
62680 63284 small 13
62699 63224 tiny 3
63113 63410 xlarge 6
63185 63371 small 15
63238 64436 tiny 15
63268 63359 large 0
63357 63705 tiny 6
63404 63867 small 13
63406 63636 large 12
63409 63884 tiny 3
63458 63779 tiny 4
63470 64374 medium 5
63535 63651 medium 18
63590 63857 medium 3
63704 64033 small 15
63939 64453 large 0
64131 64328 xlarge 6
64155 64403 tiny 4
64264 64618 tiny 3
64316 65095 large 1
64333 64571 medium 16
64407 66708 medium 13
64433 65521 medium 18
64498 65027 xlarge 11
64537 65061 small 15
64554 64941 large 12
64559 65026 medium 5
64594 65367 xlarge 5
64617 65147 large 0
64638 65212 large 10
64648 65345 small 13
64671 64873 tiny 4
64677 65320 xlarge 6
64724 65324 tiny 18
64764 64952 medium 3
64765 64934 small 18
64783 65023 xlarge 4
64898 65202 medium 1
64950 65328 xlarge 3
64977 65315 medium 4
64988 65305 medium 0
64989 65320 xlarge 17
65011 65149 tiny 3
65069 65340 tiny 15
65384 65471 large 1
65469 65789 tiny 18
65479 66102 xlarge 6
65504 66171 large 0
65521 65747 tiny 4
65600 65773 xlarge 10
65612 66165 xlarge 5
65623 65797 large 10
65661 66179 medium 5
65760 66355 medium 18
65961 66084 tiny 3
66107 66888 tiny 1
66115 67736 medium 4
66116 67143 small 13
66181 67787 tiny 15
66182 66820 tiny 10
66236 66898 small 15
66349 66865 medium 5
66350 67115 large 12
66371 67289 large 1
66453 66843 xlarge 11
66643 66964 large 4
66667 68699 medium 18
66671 67091 small 18
66799 67033 medium 3
66815 67020 small 14
66829 67167 xlarge 7
66847 67071 large 8
67042 67537 medium 13
67063 68815 small 15
67069 69072 medium 5
67233 68960 large 0
67235 68233 large 10
67252 67596 large 16
67262 67616 xlarge 9
67267 67545 tiny 10
67297 67660 xlarge 10
67404 67561 small 4
67412 71163 xlarge 5
67414 67603 tiny 4
67431 67619 tiny 1
67431 68275 tiny 18
67463 68925 xlarge 6
67546 68056 xlarge 11
67564 67999 tiny 3
67710 68097 large 1
68011 69256 medium 13
68093 68813 tiny 15
68163 69226 tiny 4
68195 68473 tiny 6
68225 68656 medium 12
68296 68520 xlarge 0
68438 68958 tiny 18
68466 68934 small 13
68477 68974 large 12
68647 68772 large 10
68658 68949 medium 3
68673 68875 xlarge 10
68686 68759 small 18
68824 69100 large 9
68831 69061 small 4
68909 69072 large 16
68986 69069 xlarge 9
69046 69741 xlarge 6
69074 69333 medium 18
69124 70143 tiny 15
69138 69393 xlarge 3
69160 69659 large 0
69234 69331 large 12
69268 69571 small 13
69278 69521 tiny 3
69296 69558 medium 0
69342 71068 medium 5
69397 69668 tiny 18
69410 69662 large 10
69478 70236 large 1
69483 69724 xlarge 9
69501 70177 medium 13
69503 69873 xlarge 10
69568 70107 xlarge 11
69570 69790 medium 16
69728 70262 small 15
69780 70590 tiny 4
69946 71007 medium 18
69985 70395 small 13
70049 71194 large 0
70100 70290 large 12
70292 71166 xlarge 4
70402 70855 medium 13
70577 70988 tiny 3
70587 70924 medium 1
70648 71088 small 15
70669 71027 tiny 13
70687 71099 small 0
70700 71074 medium 0
70707 70995 xlarge 15
70727 70974 small 1
70727 70834 xlarge 3
70736 71184 xlarge 6
70755 71023 large 14
70764 71031 small 5
70780 71083 xlarge 17
70913 71232 small 13
71038 71149 tiny 15
71217 71600 medium 0
71217 71665 xlarge 3
71221 71621 tiny 4
71251 71547 tiny 3
71265 71454 tiny 16
71286 71697 medium 18
71309 71688 medium 5
71312 71434 xlarge 17
71332 71596 medium 1
71355 71623 medium 14
71392 71515 small 2
71460 71984 medium 4
71463 72582 xlarge 5
71470 72131 large 0
71478 71790 medium 16
71485 72053 xlarge 10
71523 72828 tiny 15
71552 71816 small 15
71567 72106 large 1
71577 72038 tiny 18
71608 72096 large 10
71653 71766 xlarge 11
71657 74441 medium 13
71688 72255 xlarge 6
71799 72078 xlarge 3
71835 72163 xlarge 9
71900 72265 medium 0
71903 72293 medium 18
71953 72294 tiny 3
71979 72237 small 3
72111 72722 small 18
72117 72433 medium 5
72125 72848 medium 3
72177 72847 medium 4
72211 72469 large 4
72220 73638 small 13
72294 72890 large 12
72371 72747 tiny 10
72419 73620 small 15
72577 72797 tiny 1
72585 72682 medium 18
72670 75694 xlarge 5
72691 73427 xlarge 10
72713 73839 xlarge 6
72751 73630 tiny 18
72779 73686 large 10
72794 73961 large 0
72945 73468 xlarge 13
72961 73668 medium 5
72985 73458 large 6
73001 73285 xlarge 4
73006 73260 large 19
73008 73265 xlarge 14
73012 73364 xlarge 15
73051 73349 tiny 6
73068 73352 medium 1
73077 73239 medium 15
73081 73475 xlarge 8
73108 73305 xlarge 0
73110 73531 tiny 15
73115 73456 tiny 7
73134 73359 medium 12
73138 73598 tiny 4
73146 73343 medium 18
73148 73352 tiny 3
73153 73486 tiny 14
73159 73263 medium 0
73162 73231 xlarge 3
73556 74059 small 4
73599 73900 xlarge 11
73615 73916 large 16
73702 73935 medium 18
73742 73838 large 1
73750 74203 xlarge 9
73914 74433 tiny 4
74002 74305 medium 4
74005 76873 medium 5
74058 74279 tiny 15
74159 74845 xlarge 6
74208 74948 medium 18
74209 74674 medium 0
74292 74985 large 0
74319 74589 xlarge 3
74322 74444 tiny 6
74355 74876 tiny 3
74386 74612 small 15
74471 75676 small 13
74580 78032 tiny 15
74668 75519 medium 4
74679 75515 tiny 1
74890 75288 medium 13
74891 75471 tiny 10
74987 75582 small 15
74999 75389 xlarge 15
75038 75867 medium 18
75042 75541 tiny 18
75098 75534 large 0
75098 75836 large 12
75103 75575 small 18
75130 75385 tiny 3
75141 75459 xlarge 3
75159 75349 large 10
75180 75521 medium 3
75196 75890 large 1
75269 75520 medium 0
75297 75534 xlarge 6
75366 76937 medium 13
75520 75816 xlarge 11
75949 76922 xlarge 5
75951 77287 medium 18
75952 76261 large 0
76059 77047 tiny 3
76094 76566 medium 0
76109 76562 xlarge 3
76116 76581 medium 1
76177 76463 xlarge 6
76253 76689 xlarge 17
76344 76655 medium 4
76350 76831 xlarge 9
76391 76783 large 16
76415 77041 small 15
76475 76637 small 4
76479 77044 small 13
76589 77085 small 18
76651 77003 large 12
76686 76843 xlarge 6
76694 76958 medium 3
76764 76886 large 0
77158 79475 medium 13
77212 77865 small 13
77219 77599 small 15
77229 78518 medium 5
77240 77995 large 0
77263 78058 xlarge 5
77374 77750 xlarge 6
77397 77596 tiny 4
77470 78111 tiny 3
77568 77878 xlarge 11
77575 77789 small 18
77581 77985 large 1
77629 78174 medium 18
77631 77957 large 12
77687 77774 medium 3
77757 78169 medium 0
77821 78138 xlarge 3
77927 78282 small 15
77928 78520 tiny 4
78000 78299 medium 4
78079 78452 small 13
78128 78581 large 1
78204 78429 xlarge 9
78232 78481 tiny 6
78347 78716 medium 4
78424 81088 tiny 15
78533 78718 small 15
78572 79363 medium 18
78685 79411 medium 5
78694 79420 large 0
78728 79417 xlarge 6
78734 79616 xlarge 5
78851 79981 small 13
79003 79287 tiny 4
79366 79775 small 15
79554 80062 tiny 6
79572 79995 xlarge 11
79585 79893 medium 18
79593 80064 large 12
79635 80084 tiny 4
79735 79852 small 18
79748 80087 large 1
79758 80025 tiny 3
79771 79860 medium 3
79773 80355 medium 5
79790 79894 medium 13
79854 82297 xlarge 5
80194 81661 large 0
80208 81209 medium 4
80230 80871 medium 13
80250 80818 tiny 18
80255 80665 tiny 1
80258 80486 large 13
80259 81127 small 15
80259 81809 xlarge 6
80272 80511 tiny 10
80302 80923 large 10
80657 80929 xlarge 10
80748 81247 tiny 1
80844 82770 medium 18
80857 81748 tiny 6
80881 81215 tiny 10
80958 82184 medium 5
80998 81998 tiny 4
81351 81700 large 1
81383 81836 tiny 15
81384 81743 large 10
81390 81802 tiny 18
81530 81789 xlarge 10
81556 81735 xlarge 4
81758 82311 medium 13
81868 81953 small 15
81987 82374 medium 3
82015 82372 xlarge 4
82057 82443 small 18
82087 82554 large 12
82183 82903 small 13
82237 82976 medium 4
82381 83696 tiny 15
82395 82724 tiny 3
82426 82717 large 1
82442 82573 xlarge 11
82552 83249 medium 13
82590 82844 tiny 4
82610 83099 medium 5
82637 83094 tiny 6
82638 83801 large 0
82643 83018 xlarge 14
82649 82948 medium 15
82671 82964 large 6
82691 83780 xlarge 5
82697 83049 tiny 14
82718 82857 xlarge 0
82750 83018 medium 12
82764 82979 xlarge 13
82798 83789 xlarge 6
82900 83626 tiny 3
82923 83913 large 10
82982 83365 medium 0
83002 83876 xlarge 10
83023 83219 xlarge 3
83040 83883 tiny 18
83076 83467 medium 18
83178 83629 xlarge 15
83189 85102 small 15
83261 84262 small 13
83491 85337 medium 5
83515 85975 medium 13
83736 84281 medium 4
83837 85244 tiny 4
83896 84180 tiny 15
84152 84830 xlarge 5
84271 84649 medium 18
84400 84796 tiny 18
84401 84800 large 16
84447 84724 small 4
84476 84807 tiny 15
84496 84663 xlarge 6
84529 84833 xlarge 9
84561 84771 large 1
84574 84695 large 10
84584 84712 large 0
84587 84758 large 9
84660 84941 xlarge 4
84665 85177 xlarge 15
84712 85165 small 1
84881 84986 large 14
84944 85779 tiny 3
84988 86333 small 13
84998 85794 large 12
85008 85311 xlarge 5
85085 85307 small 18
85129 85674 medium 18
85154 86071 tiny 15
85156 85357 medium 3
85565 86270 large 1
85568 86287 xlarge 11
85622 86014 medium 4
85645 85863 xlarge 5
86023 86242 large 12
86134 86511 tiny 15
86134 86585 xlarge 0
86145 86624 tiny 6
86153 88009 small 15
86206 86675 tiny 4
86223 86932 xlarge 3
86235 87162 tiny 3
86236 86832 medium 0
86258 86673 medium 4
86275 86676 medium 5
86327 87113 medium 18
86336 86872 medium 13
86363 91194 xlarge 5
86512 86756 medium 1
86520 86904 small 13
86765 87435 medium 5
86773 87080 xlarge 11
86802 88872 tiny 15
86904 87423 large 10
86927 87037 large 1
86930 87464 tiny 18
86940 87426 medium 4
86946 87495 tiny 4
86977 88145 large 0
86980 88143 xlarge 6
87069 87504 small 13
87111 87487 tiny 1
87164 87332 xlarge 10
87171 87381 large 12
87172 87565 tiny 10
87199 88342 medium 13
87244 87559 large 13
87662 89087 medium 18
87673 89074 medium 4
87749 90260 small 13
87756 87982 medium 5
87756 88034 large 12
87767 88110 large 1
87782 88058 tiny 4
87816 88292 small 4
87818 88318 large 16
87861 88444 xlarge 9
87986 88682 tiny 10
88010 88470 large 9
88040 88555 tiny 1
88051 88437 tiny 0
88123 88967 tiny 3
88317 88787 xlarge 3
88388 88640 medium 1
88430 88637 medium 0
88446 89167 large 12
88558 89092 tiny 18
88575 88880 large 10
88635 88931 xlarge 6
88640 89440 medium 13
88643 89378 large 0
88656 89006 tiny 5
88658 88902 tiny 4
88759 89097 small 3
88759 89093 medium 5
88799 88996 xlarge 10
88841 89358 small 4
88857 89149 medium 3
88977 89138 small 15
88977 89369 large 16
89020 89324 small 18
89096 89298 xlarge 9
89162 89789 tiny 3
89172 89758 tiny 10
89173 89902 xlarge 3
89177 89798 medium 1
89179 90394 large 1
89186 89736 tiny 4
89195 89481 tiny 6
89200 89952 tiny 15
89232 89615 xlarge 11
89234 89913 medium 0
89300 89855 medium 4
89302 89763 tiny 1
89316 89575 xlarge 0
89341 89878 xlarge 17
89363 89634 medium 16
89366 90045 medium 18
89382 89858 medium 5
89440 89926 xlarge 10
89496 90570 large 0
89500 89767 tiny 18
89569 89738 xlarge 6
89646 90264 large 12
89664 89942 large 10
89679 89856 large 13
89776 90565 xlarge 11
89778 90189 medium 3
89842 91382 small 15
89854 90165 medium 16
90034 90339 tiny 6
90039 90650 medium 13
90134 90379 xlarge 15
90151 91390 medium 5
90162 91264 tiny 4
90355 90739 medium 8
90355 90713 xlarge 9
90413 90714 small 4
90446 90819 medium 2
90456 90980 tiny 15
90456 90893 large 9
90479 90831 tiny 1
90512 90828 medium 4
90519 90858 small 17
90526 90700 medium 3
90533 90815 medium 7
90552 90890 large 12
90569 90676 large 16
90574 90851 tiny 0
90588 90710 small 18
90598 90873 small 13
90648 90986 xlarge 11
90656 91124 xlarge 3
90671 91000 medium 18
90680 90991 tiny 6
90697 91174 medium 12
90722 90938 medium 16
90759 91045 large 1
90792 90937 medium 0
90811 91168 xlarge 0
90847 91165 tiny 3
90898 91169 xlarge 15
91022 91439 small 13
91055 92608 medium 13
91298 91563 xlarge 3
91301 91676 xlarge 5
91359 91930 medium 18
91381 91579 medium 0
91447 91597 tiny 3
91557 92046 tiny 1
91598 91954 small 4
91643 91922 xlarge 9
91647 92936 medium 5
91680 91905 tiny 10
91697 92651 tiny 15
91719 91960 large 16
91720 91958 large 13
91796 91951 small 15
91799 92646 medium 4
91859 92303 small 13
92028 92799 tiny 4
92221 93952 xlarge 5
92305 93424 medium 18
92514 93388 tiny 3
92529 92982 xlarge 4
92532 93562 xlarge 6
92558 93572 small 15
92596 93513 large 0
92652 92801 tiny 6
92677 92990 xlarge 0
92760 93101 large 10
92766 93089 medium 4
92800 94376 tiny 15
92808 93220 xlarge 9
92956 93291 tiny 18
92997 93056 medium 13
93102 93365 medium 0
93154 93504 xlarge 3
93183 93365 medium 5
93422 93853 medium 13
93453 94090 medium 4
93642 94006 large 4
93651 93958 small 7
93693 94019 xlarge 6
93697 94081 small 6
93706 94145 medium 5
93729 93974 large 12
93747 94043 tiny 10
93790 93991 medium 3
93806 94019 small 18
93818 94132 tiny 1
93820 94188 medium 9
93824 94134 large 0
93825 93995 medium 10
93831 94147 small 13
93891 93941 tiny 4
93961 94404 large 16
93967 95080 medium 13
93973 94253 small 4
93993 94536 large 1
94149 94703 xlarge 11
94198 94260 xlarge 9
94234 94990 xlarge 5
94280 94600 medium 18
94309 96092 medium 5
94327 94580 xlarge 3
94381 94685 large 12
94386 94776 xlarge 17
94397 94770 medium 0
94397 94698 medium 1
94401 95070 small 13
94426 94951 xlarge 4
94450 94719 tiny 3
94459 94679 medium 3
94460 95876 tiny 4
94535 95010 large 16
94545 95005 small 1
94556 94940 large 10
94615 95036 xlarge 0
94616 94958 tiny 14
94628 94996 xlarge 9
94632 94923 large 9
94633 94928 medium 15
94642 94985 large 6
94651 95093 tiny 18
94700 94877 small 4
94703 94917 large 0
94718 94863 xlarge 6
94738 94913 large 14
94750 95073 xlarge 14
94761 94923 medium 12
94765 94859 tiny 6
94854 95278 xlarge 15
94893 96257 medium 18
95041 95132 small 15
95141 96416 large 1
95280 95678 tiny 15
95288 95503 xlarge 5
95383 96559 xlarge 11
95532 96101 medium 13
95582 95879 small 13
95767 96295 tiny 15
95774 96827 small 15
95800 96204 tiny 3
95813 96708 xlarge 5
95839 96047 xlarge 9
95955 96394 large 0
95986 96545 xlarge 6
96098 96404 xlarge 10
96104 96562 small 13
96168 96359 large 10
96240 96539 tiny 18
96293 96474 large 12
96348 96815 tiny 15
96361 96644 tiny 1
96391 96775 tiny 19
96418 96880 large 2
96459 96851 small 6
96474 96636 medium 10
96520 96779 medium 9
96537 96682 small 7
96540 96852 large 13
96555 96813 tiny 10
96578 96865 medium 4
96666 96990 large 12
96697 97098 tiny 3
96713 97151 large 1
96747 97078 medium 18
96747 97197 xlarge 11
96804 97051 small 13
96976 97312 large 16
96987 97951 xlarge 5
97012 97458 small 4
97018 97658 medium 13
97072 97782 xlarge 9
97111 97499 small 17
97134 97299 large 9
97179 97276 tiny 0
97268 97671 xlarge 6
97304 97551 large 0
97340 97607 small 1
97386 98239 tiny 15
97423 97595 large 14
97429 97897 xlarge 4
97474 97654 small 13
97606 98372 xlarge 11
97625 98266 large 1
97633 98518 medium 18
97648 98024 tiny 3
97847 98377 medium 4
97897 98587 tiny 4
97965 99951 medium 5
97992 98845 small 13
98135 98586 tiny 3
98141 98682 medium 0
98162 100003 xlarge 5
98162 98519 xlarge 17
98254 98556 tiny 6
98286 98583 medium 12
98288 98451 medium 1
98307 98922 medium 3
98309 98612 xlarge 3
98333 98508 xlarge 0
98336 103465 medium 13
98370 98884 large 12
98380 98911 small 18
98563 99237 tiny 15
98612 98731 xlarge 15
98684 98957 small 15
98787 100254 xlarge 9
98794 99282 tiny 1
98798 99957 tiny 4
98854 99061 medium 4
98888 100182 large 0
98923 99119 tiny 10
99059 99434 tiny 18
99070 99343 xlarge 6
99170 100002 small 15
99210 99453 xlarge 10
99243 99572 large 10
99432 100363 large 1
99452 99997 large 16
99501 99674 medium 18
99506 100115 xlarge 11
99535 99838 large 9
99548 99689 xlarge 15
99553 99806 tiny 0
99594 100012 small 4
99677 100700 tiny 15
99736 100124 xlarge 6
99971 100701 medium 18
100016 100252 small 13
100053 100399 large 12
100094 100461 tiny 3
100153 100430 medium 4
100283 100651 large 0
100444 100582 xlarge 5
100534 101035 medium 12
100540 100962 xlarge 11
100575 100867 tiny 6
100604 101087 xlarge 14
100625 100934 tiny 14
100652 101328 large 1
100657 101054 small 15
100700 100981 large 6
100717 100849 medium 15
100744 101489 tiny 4
100759 101029 xlarge 0
100767 101572 small 13
100774 101694 medium 5
100855 101301 small 18
100857 101209 xlarge 6
100943 101313 large 12
100991 101363 medium 3
100999 101381 tiny 18
101027 101180 large 0
101035 102429 tiny 15
101060 101310 large 10
101090 103435 xlarge 5
101315 101526 tiny 10
101326 101564 tiny 1
101341 102146 medium 4
101436 103489 large 0
101439 101848 small 4
101507 103089 xlarge 9
101534 103242 xlarge 6
101685 101827 large 16
101735 102257 large 1
101838 102287 small 18
101845 102085 small 13
101865 102297 large 12
101870 102190 tiny 1
101902 102088 large 4
101915 102147 medium 3
101944 102247 small 15
102110 102960 small 4
102121 102948 large 16
102385 102665 tiny 0
102405 102953 large 1
102573 102692 large 9
102581 102855 small 17
102646 104146 medium 18
102673 103466 small 15
102682 103168 tiny 15
102683 103078 tiny 10
102721 103795 tiny 6
102754 103000 tiny 1
102801 105430 tiny 4
102866 103145 medium 4
102876 105530 medium 5
102955 103496 medium 9
102960 103263 tiny 14
102960 103316 small 6
102961 103298 medium 0
102977 103494 xlarge 8
103003 103238 medium 3
103019 103327 medium 10
103031 103653 xlarge 0
103051 103550 medium 12
103052 103231 xlarge 14
103063 103492 xlarge 2
103091 103293 small 11
103095 103266 small 18
103105 103476 xlarge 3
103107 103240 large 19
103113 103264 medium 15
103116 103420 xlarge 13
103129 103276 large 6
103130 103287 tiny 7
103136 103381 small 13
103138 103320 large 12
103166 103322 small 7
103171 103446 tiny 3
103238 105193 tiny 15
103259 104399 large 1
103486 104327 xlarge 11
103558 105800 xlarge 5
103611 104022 medium 13
103638 104087 medium 0
103650 103966 xlarge 3
103686 104961 xlarge 6
103687 103870 tiny 3
103770 105398 large 0
103900 104376 xlarge 10
103911 104640 tiny 6
103973 104333 tiny 18
103993 104267 large 10
104229 105244 medium 4
104238 104937 medium 13
104324 104789 small 15
104379 105129 tiny 1
104528 105474 medium 18
104566 104771 large 10
104590 105122 tiny 10
104643 104967 xlarge 10
104661 104769 xlarge 15
104690 104881 tiny 18
104738 105237 large 13
104846 105189 tiny 6
104849 105084 small 13
104904 105137 xlarge 4
105035 106058 medium 13
105077 105514 xlarge 9
105095 105791 small 15
105130 105476 large 1
105167 105526 xlarge 3
105174 105387 tiny 3
105221 105372 xlarge 6
105231 105472 medium 1
105237 105342 xlarge 11
105290 105404 medium 0
105525 105670 xlarge 15
105650 106044 medium 4
105658 106085 xlarge 4
105660 106063 large 1
105682 106026 large 14
105724 105991 small 1
105730 106998 tiny 15
105757 106046 tiny 1
105857 106125 tiny 10
105865 106177 xlarge 11
105932 106645 small 13
105951 106366 tiny 3
106013 106652 small 15
106124 106256 medium 18
106243 106610 xlarge 15
106310 106736 tiny 0
106345 106781 small 4
106358 107058 tiny 4
106359 106669 large 9
106419 106758 medium 4
106446 107676 medium 13
106449 106640 large 16
106463 106695 xlarge 9
106480 107043 medium 5
106833 108216 xlarge 5
106851 107365 large 0
106852 107216 xlarge 6
107013 107392 large 10
107015 107155 xlarge 9
107023 107289 tiny 18
107053 107392 small 15
107069 107190 xlarge 15
107149 107550 medium 18
107169 107879 small 18
107197 107951 medium 3
107209 107642 tiny 3
107237 107585 tiny 10
107251 107469 medium 1
107252 107658 medium 0
107282 107749 large 12
107304 107680 tiny 1
107315 107676 xlarge 3
107317 107822 small 13
107331 107627 medium 5
107340 107549 medium 4
107375 108199 tiny 15
107459 108192 large 0
107505 107889 xlarge 6
107523 107929 tiny 18
107648 107971 large 10
107748 108855 large 1
107813 108220 tiny 1
107821 109787 small 15
107892 108439 tiny 3
107893 108181 medium 13
107931 108296 tiny 10
107933 108297 medium 4
107995 108143 xlarge 9
107998 108679 medium 18
108082 108705 medium 5
108086 109444 small 13
108086 108581 xlarge 3
108145 108862 tiny 4
108207 108506 xlarge 11
108256 108499 medium 1
108295 108344 medium 0
108339 108848 medium 13
108379 109393 large 0
108415 108757 large 16
108440 109242 xlarge 5
108519 109297 xlarge 6
108532 109251 large 12
108559 108744 xlarge 9
108696 108937 small 18
108719 109159 medium 3
108759 109263 xlarge 15
108808 109025 tiny 13
108808 109165 small 0
108817 109089 large 10
108859 108949 small 5
108878 108970 tiny 18
109090 109638 tiny 3
109105 109473 medium 5
109141 110631 tiny 15
109197 111151 medium 18
109272 109587 large 16
109369 109779 large 9
109371 109571 large 1
109383 110547 medium 13
109410 109632 xlarge 11
109428 109692 tiny 1
109446 109642 xlarge 9
109450 109633 small 4
109457 109535 tiny 0
109475 110433 medium 4
109599 110018 medium 5
109773 110019 tiny 4
109844 110669 xlarge 9
109895 110540 xlarge 11
109918 110275 tiny 0
109932 110520 large 16
109967 110506 large 1
110002 110673 small 4
110070 110359 medium 16
110090 110160 large 9
110100 110520 small 15
110137 112905 xlarge 5
110206 110994 tiny 3
110284 110909 medium 0
110298 110764 xlarge 3
110314 110615 medium 5
110316 110660 tiny 10
110367 110625 tiny 1
110539 111678 large 0
110634 110855 xlarge 17
110699 110788 medium 1
110759 112684 small 15
110816 111339 large 10
110885 111774 small 13
110959 111190 medium 13
110959 111845 large 12
110991 111517 tiny 18
110991 111545 xlarge 6
110994 111294 large 1
111101 112995 medium 5
111110 111705 medium 3
111153 111554 tiny 15
111411 111986 large 1
111428 112117 tiny 4
111429 111638 large 8
111462 111869 large 4
111483 111684 xlarge 11
111548 111721 small 14
111572 111767 small 18
111656 112171 medium 13
111716 112172 medium 4
111764 112123 xlarge 15
111826 111943 xlarge 9
111882 112106 tiny 15
111951 112397 xlarge 10
111981 113042 small 13
112004 112289 large 10
112072 112403 large 0
112124 112289 tiny 18
112153 112425 medium 18
112164 112479 xlarge 6
112300 113310 medium 13
112315 112967 tiny 4
112356 113004 large 12
112407 115739 tiny 15
112429 112633 xlarge 15
112451 113133 xlarge 9
112534 113038 medium 3
112542 112989 small 14
112708 113025 large 0
112708 113014 xlarge 6
112741 113063 large 4
112749 112839 medium 4
112766 113019 large 8
112782 112859 small 18
112889 113215 xlarge 15
112902 113305 xlarge 4
112990 113820 large 1
113041 113585 small 15
113142 113445 small 18
113157 113927 xlarge 11
113175 115420 medium 5
113205 113565 large 10
113217 113531 large 0
113223 116550 xlarge 5
113246 113520 small 13
113293 113647 large 4
113306 113777 tiny 3
113322 113811 medium 18
113358 113683 xlarge 6
113373 113553 tiny 18
113382 113500 large 12
113387 113580 xlarge 10
113394 113647 medium 3
113452 113980 medium 1
113473 113764 medium 0
113521 113978 xlarge 3
113575 113858 xlarge 4
113621 113801 medium 4
113750 115077 large 0
113981 115418 small 13
113997 114190 medium 13
114057 115626 medium 18
114070 114551 large 6
114074 114488 xlarge 10
114084 114455 tiny 3
114086 114380 medium 15
114113 114598 tiny 18
114116 114486 tiny 14
114130 114361 medium 12
114154 114512 xlarge 3
114158 115081 small 15
114175 114366 medium 0
114182 114336 large 10
114226 114407 xlarge 0
114227 114576 medium 1
114232 114552 xlarge 4
114235 114430 tiny 4
114240 114417 xlarge 14
114248 115143 xlarge 6
114254 114377 tiny 6
114354 117521 medium 13
114362 114871 large 1
114493 114893 xlarge 15
114633 115082 tiny 0
114647 115056 large 9
114658 115022 large 12
114694 114964 small 4
114707 114956 tiny 1
114723 115037 xlarge 9
114800 115098 medium 4
114830 115101 large 16
114867 114941 tiny 3
114972 115365 tiny 6
115140 115489 tiny 4
115418 115720 tiny 3
115419 116372 large 0
115425 115714 medium 4
115459 115754 tiny 1
115466 115596 tiny 10
115619 115972 xlarge 6
115637 116059 tiny 4
115687 117500 small 15
115699 115886 tiny 6
115742 115983 small 13
115745 119479 medium 5
115846 116215 xlarge 15
115866 116178 medium 4
115873 116444 large 1
116005 116363 medium 18
116009 116331 xlarge 11
116042 117244 tiny 15
116313 116622 tiny 4
116456 117104 medium 0
116535 117175 medium 4
116580 116847 large 16
116597 117755 medium 18
116609 117365 tiny 3
116612 117239 xlarge 3
116622 117519 xlarge 9
116876 117295 tiny 10
116929 117104 small 13
116950 117044 large 12
116958 117173 tiny 1
117139 117385 xlarge 5
117407 118177 tiny 15
117517 118103 tiny 4
117584 117935 tiny 6
117584 117756 xlarge 11
117596 117773 large 1
117690 118075 tiny 1
117721 118019 xlarge 14
117740 117938 xlarge 13
117745 118297 xlarge 5
117760 117993 tiny 14
117768 117975 medium 4
117779 117965 medium 12
117805 118044 large 19
117811 117978 xlarge 0
117821 118130 tiny 10
117847 118053 medium 15
117868 118259 small 15
117898 118153 large 6
117960 118653 medium 13
118010 121243 medium 18
118046 119801 tiny 3
118078 118347 large 1
118193 118466 xlarge 11
118393 118559 xlarge 9
118440 118623 tiny 15
118492 118633 medium 4
118582 119097 tiny 6
118589 118941 xlarge 3
118596 119091 xlarge 0
118623 118976 tiny 4
118674 118847 medium 0
118731 118913 xlarge 4
118882 119225 tiny 15
118917 119397 xlarge 11
118921 120123 xlarge 5
118958 119237 small 15
118982 119735 medium 13
119042 120180 large 0
119060 119169 large 1
119181 119476 tiny 4
119204 119734 large 10
119216 120157 xlarge 6
119247 119881 tiny 18
119506 119764 large 1
119513 119948 medium 3
119553 119779 xlarge 11
119555 119827 xlarge 10
119567 119830 large 12
119597 120420 small 13
119633 120402 tiny 15
119636 119763 xlarge 9
119670 119797 small 4
119677 119834 small 18
119690 119872 small 15
119690 119755 large 16
119747 120284 medium 5
119768 120261 tiny 10
119880 120420 medium 4
119965 120119 tiny 1
120063 120470 medium 16
120111 121397 tiny 3
120160 120516 xlarge 11
120250 120421 small 15
120251 120590 large 1
120419 123122 xlarge 5
120442 120713 xlarge 3
120471 121916 medium 13
120587 120665 medium 0
120714 121779 medium 5
120820 121481 small 13
120822 121066 tiny 15
120837 121098 medium 4
120967 121460 tiny 18
121021 121980 small 15
121086 121420 xlarge 6
121123 121235 tiny 4
121149 121332 large 10
121194 121329 large 0
121238 121724 small 1
121318 121646 large 16
121322 121583 large 14
121331 121713 xlarge 4
121359 121684 small 4
121362 121544 tiny 15
121401 121791 xlarge 9
121434 121655 medium 4
121723 122180 large 1
121765 122267 xlarge 11
121943 122286 small 13
121955 124111 tiny 15
122000 122148 large 12
122146 122762 medium 4
122163 122775 tiny 18
122188 122976 xlarge 9
122189 122902 small 15
122201 122802 xlarge 10
122263 123234 large 0
122293 122500 medium 18
122322 122480 tiny 3
122341 123211 xlarge 6
122363 122973 large 10
122371 123250 medium 13
122457 123251 large 1
122738 123191 xlarge 4
122744 123255 small 13
122805 123138 medium 3
122863 123233 large 12
122926 123133 small 18
122931 123380 medium 5
123119 123333 tiny 6
123163 124147 medium 4
123240 124052 small 15
123262 123355 tiny 4
123379 123739 xlarge 11
123403 123831 large 1
123498 126408 medium 13
123584 130064 xlarge 5
123672 124294 medium 5
123679 124116 tiny 1
123679 124168 small 18
123709 124032 large 12
123731 124148 small 13
123748 124116 tiny 10
123760 124048 xlarge 15
123868 123940 medium 3
123995 124361 tiny 4
124108 124330 large 1
124154 124484 xlarge 11
124190 125650 medium 18
124255 124556 medium 0
124267 124708 xlarge 3
124276 124743 xlarge 17
124281 124746 medium 9
124283 124782 medium 1
124299 124699 small 6
124344 124766 tiny 3
124392 124612 tiny 19
124406 124711 large 2
124408 124753 medium 10
124428 124779 small 8
124436 124771 small 7
124477 124619 large 12
124496 124747 small 13
124553 124846 xlarge 15
124571 125232 xlarge 9
124640 125189 large 0
124660 124857 small 4
124672 124850 tiny 15
124753 125610 small 15
124755 125049 large 9
124760 125135 large 16
124988 125174 xlarge 6
125073 125332 large 1
125221 125575 tiny 3
125291 125696 small 13
125291 125677 large 12
125364 126269 tiny 15
125512 125773 xlarge 6
125684 125844 large 0
125801 126045 medium 5
125838 126265 xlarge 4
125891 126491 xlarge 9
125907 126155 large 1
125919 126137 medium 4
125926 126151 tiny 10
125936 126235 large 14
125960 126161 tiny 1
125977 126477 large 16
126033 126430 small 4
126036 126489 xlarge 3
126036 126332 xlarge 6
126055 126897 tiny 3
126080 126742 large 0
126102 126472 medium 1
126145 126659 medium 18
126163 127104 small 15
126243 126428 small 0
126268 126591 small 5
126273 126424 medium 0
126277 126375 xlarge 15
126290 126542 tiny 13
126390 127434 medium 5
126452 127118 xlarge 11
126519 127137 tiny 15
126528 127075 large 1
126654 127171 tiny 0
126678 127590 medium 13
126699 127180 large 16
126742 127157 small 4
126756 127010 tiny 4
126809 127194 large 9
126851 126934 medium 4
126898 126988 medium 16
126898 127163 xlarge 9
127002 127757 large 0
127043 127470 tiny 18
127053 127248 medium 18
127100 127331 tiny 3
127113 127257 xlarge 10
127143 127330 large 10
127173 127414 xlarge 6
127259 127548 tiny 15
127293 127752 small 15
127352 127716 xlarge 11
127411 127775 large 1
127630 127891 tiny 3
127734 127938 medium 18
127859 128280 tiny 15
127882 128350 small 15
127926 130492 medium 13
127935 128327 medium 5
128274 128570 tiny 18
128292 128474 large 10
128316 130380 xlarge 9
128367 128687 large 0
128377 128635 xlarge 6
128461 128769 tiny 10
128482 128829 tiny 1
128513 128982 large 19
128521 129568 tiny 4
128545 128820 xlarge 14
128546 128962 xlarge 0
128579 129823 medium 5
128614 128916 tiny 14
128631 129109 small 15
128637 128978 tiny 6
128651 128875 xlarge 13
128659 128878 medium 12
128666 128941 large 1
128667 128747 large 6
128669 128788 medium 4
128673 129040 tiny 15
128677 128792 xlarge 8
128678 128975 medium 15
128684 128919 xlarge 11
128781 129456 medium 18
128789 130232 large 16
128851 129503 large 0
128955 129483 small 4
128962 129084 xlarge 6
129050 129536 xlarge 11
129247 129496 large 1
129334 130113 large 12
129353 129803 tiny 1
129366 129741 tiny 10
129436 130371 small 15
129502 129788 medium 4
129511 129756 small 18
129546 129968 tiny 15
129552 130007 small 13
129597 129982 medium 3
129685 129985 medium 8
129707 130098 tiny 0
129721 130192 tiny 9
129723 130090 small 17
129771 130080 tiny 11
129786 129986 medium 7
129810 130197 medium 2
129845 130121 large 9
129881 130243 small 4
129945 130618 medium 5
129961 130701 xlarge 11
129983 130277 xlarge 15
130003 130471 tiny 13
130044 130742 large 1
130100 130408 small 0
130129 130258 small 5
130233 130642 xlarge 10
130234 130641 xlarge 6
130258 130639 small 3
130285 132254 xlarge 5
130306 130730 tiny 18
130330 130788 tiny 3
130336 130593 xlarge 4
130365 130598 medium 18
130381 130647 large 0
130432 130751 tiny 4
130450 130687 tiny 15
130460 130778 tiny 5
130462 130650 large 10
130478 130537 small 13
130568 131275 medium 13
130889 131192 tiny 3
130965 131529 large 12
130966 131150 medium 18
130979 131344 xlarge 11
131010 131451 small 13
131029 131390 large 1
131082 131456 tiny 15
131253 131661 small 15
131259 131500 medium 4
131352 131610 large 0
131437 131861 medium 18
131649 132188 large 1
131684 131852 tiny 3
131688 132087 xlarge 11
131698 131806 medium 5
131734 132045 large 12
131751 132159 large 0
131754 132110 tiny 15
131771 132259 small 13
131794 132098 large 16
131811 132075 medium 3
131819 132250 small 4
131875 132233 medium 13
131893 132086 small 18
131911 132067 large 9
131912 132197 small 15
131944 132179 large 4
131966 132174 xlarge 9
131986 132123 tiny 0
131999 132155 xlarge 6
132093 132854 medium 5
132189 132817 tiny 4
132389 132789 tiny 1
132449 133004 tiny 15
132463 133679 small 15
132535 132788 xlarge 15
132542 133339 xlarge 5
132546 132841 medium 4
132665 133170 xlarge 11
132669 133027 medium 1
132692 133068 medium 0
132714 133031 xlarge 3
132772 133046 medium 18
132819 133112 large 1
132883 132957 medium 13
132898 133125 tiny 3
132937 133323 large 12
133037 133494 large 0
133043 133269 medium 3
133137 133456 small 18
133164 133985 small 13
133195 134264 medium 5
133282 136030 medium 13
133337 133694 xlarge 15
133384 133600 xlarge 9
133458 133578 large 16
133471 133612 small 4
133537 133918 medium 10
133595 135839 tiny 15
133654 133892 small 7
133718 133901 medium 9
133722 134094 small 6
133966 134663 tiny 3
133970 134261 tiny 4
133995 135077 large 16
134022 135167 small 4
134027 134389 small 15
134046 134651 medium 18
134087 135084 xlarge 9
134146 134496 medium 16
134193 134512 medium 7
134203 134457 xlarge 11
134208 134827 tiny 0
134212 134569 large 1
134228 134598 small 17
134258 134692 medium 8
134274 134568 medium 4
134311 134637 medium 2
134339 134564 large 18
134392 134786 large 9
134806 135161 xlarge 5
134928 135159 medium 18
134936 135083 tiny 3
134940 135180 xlarge 3
134954 135259 medium 0
134990 135277 medium 4
135086 135404 tiny 4
135171 135553 medium 5
135176 135516 small 15
135367 135864 large 12
135374 136233 tiny 3
135378 136490 medium 18
135402 135649 xlarge 5
135528 135701 xlarge 9
135539 135843 small 13
135641 136482 medium 0
135693 136391 large 1
135727 135976 xlarge 11
135763 136483 small 15
135803 136233 xlarge 3
135892 135955 xlarge 17
135894 136042 medium 1
135934 136302 tiny 1
135942 136268 medium 12
135943 136485 tiny 6
135945 136357 medium 4
135946 136241 large 6
135961 136603 medium 5
135965 136399 xlarge 14
135966 136785 tiny 15
136018 136466 medium 15
136052 136482 tiny 14
136058 136338 tiny 10
136067 136436 xlarge 13
136079 136303 large 19
136103 136241 xlarge 0
136113 137791 xlarge 5
136161 136793 tiny 4
136461 136655 large 0
136539 136941 small 15
136598 136978 xlarge 9
136604 136980 small 13
136607 137364 medium 13
136624 136932 medium 18
136714 137048 xlarge 11
136720 136918 large 1
136777 136877 tiny 3
136836 137195 tiny 1
136842 137536 tiny 18
136922 137795 xlarge 6
136973 137768 large 0
136975 137262 medium 5
137012 137136 medium 4
137038 137309 tiny 10
137053 137355 tiny 4
137054 137554 large 10
137065 137295 tiny 15
137135 137602 medium 18
137159 137546 medium 0
137170 137480 large 12
137205 137487 tiny 3
137258 137452 xlarge 3
137265 137654 small 15
137360 137508 xlarge 4
137386 137890 small 13
137502 138474 medium 13
137526 137773 xlarge 11
137544 137879 large 1
137552 137779 medium 5
137654 137865 tiny 4
137700 138119 tiny 15
137734 138196 medium 18
137745 138104 small 15
137805 138489 xlarge 9
137931 138299 small 4
137955 138143 large 16
138050 138508 large 1
138066 138393 large 19
138071 138452 tiny 6
138071 138678 xlarge 6
138078 138368 medium 12
138081 138500 xlarge 8
138083 138568 xlarge 0
138129 138872 large 0
138148 138423 medium 5
138163 138490 large 6
138164 138631 tiny 18
138178 138359 tiny 4
138212 138507 xlarge 13
138254 139139 xlarge 5
138254 138433 xlarge 14
138256 138398 medium 15
138286 138599 tiny 14
138288 138719 large 10
138461 139081 medium 18
138659 139278 medium 5
138707 140065 small 15
138827 139118 xlarge 15
138860 139031 small 5
138866 139370 tiny 15
138965 139298 medium 13
139050 139449 medium 4
139128 139358 tiny 4
139237 140374 medium 18
139254 139590 xlarge 11
139258 140393 xlarge 3
139264 139596 tiny 19
139267 139763 medium 1
139280 139676 xlarge 6
139282 139670 small 6
139328 139680 medium 10
139344 139682 small 13
139351 139644 xlarge 5
139354 139668 xlarge 17
139360 140148 medium 0
139362 139533 medium 9
139368 139727 small 7
139369 139709 large 12
139376 139605 small 18
139391 139566 large 2
139418 139780 large 0
139425 139707 medium 3
139444 140395 tiny 3
139480 139980 large 1
139724 142444 medium 13
139840 140184 large 12
139846 145159 xlarge 5
139858 140298 small 18
139903 140780 large 0
139927 140785 medium 4
139940 140929 tiny 15
139950 140214 medium 3
139957 140173 large 4
139974 140799 medium 5
140080 141063 small 13
140092 140867 xlarge 6
140184 140817 tiny 1
140200 140659 xlarge 11
140214 140494 medium 16
140242 140586 large 1
140274 140694 xlarge 9
140275 140827 tiny 10
140433 141258 large 12
140572 140764 medium 3
140606 140976 tiny 4
140676 140753 small 18
140696 140759 large 13
140810 141280 medium 0
140838 141545 tiny 3
140869 141223 medium 1
140911 142058 medium 18
140948 141241 xlarge 3
141032 143532 medium 5
141036 141526 large 1
141050 141564 xlarge 6
141104 142300 large 0
141174 142138 small 15
141200 141353 xlarge 11
141205 142185 tiny 4
141377 142127 large 16
141424 141838 xlarge 15
141428 141854 medium 15
141477 141690 medium 12
141497 142132 small 4
141545 142093 tiny 6
141553 141806 tiny 14
141567 141966 xlarge 9
141575 141758 xlarge 0
141684 141988 large 10
141784 142104 xlarge 6
141817 141992 xlarge 10
141888 142144 tiny 18
142025 142487 xlarge 4
142299 142668 large 12
142359 142691 xlarge 3
142364 142622 small 13
142366 142761 medium 0
142371 142665 tiny 4
142381 142643 medium 18
142463 142615 tiny 3
142553 143012 tiny 2
142558 143006 large 17
142622 143080 small 1
142712 142955 large 11
142763 142883 large 14
142777 143022 xlarge 4
142798 143055 small 12
142798 144545 large 0
142875 143273 tiny 5
142875 143224 xlarge 6
142904 143304 medium 11
142914 143398 small 3
142915 143377 medium 6
142956 143330 medium 18
142979 146652 medium 13
142991 143368 tiny 18
142993 143133 large 7
143071 143289 large 10
143080 143274 tiny 3
143088 143338 xlarge 10
143099 143158 tiny 15
143142 143634 tiny 4
143160 143934 small 15
143399 143792 xlarge 15
143534 144209 xlarge 11
143621 144104 large 1
143757 145857 tiny 15
143761 144186 large 10
143814 144179 tiny 3
143859 145077 medium 18
143875 144056 tiny 18
143882 144098 tiny 6
143886 144165 tiny 4
143973 144248 medium 5
143974 144531 xlarge 6
144149 144518 medium 4
144160 144575 large 16
144171 144335 small 4
144175 144469 tiny 1
144190 144431 tiny 10
144213 144391 xlarge 9
144252 144597 large 13
144381 145310 small 15
144392 144786 large 1
144431 144743 xlarge 11
144484 144649 medium 0
144523 144656 xlarge 3
144576 144812 tiny 3
144667 144972 small 4
144668 145764 medium 5
144685 145158 large 9
144694 145059 tiny 0
144700 145313 xlarge 9
144721 145071 medium 7
144804 145475 tiny 4
144818 145151 small 17
144826 144935 medium 8
144885 145460 large 16
145009 145376 small 13
145258 145585 xlarge 6
145326 145614 xlarge 11
145330 145763 tiny 3
145357 145550 xlarge 5
145372 145725 medium 0
145388 146093 medium 18
145405 145538 large 1
145414 145577 large 0
145426 145701 xlarge 3
145737 146796 small 13
145865 146504 medium 5
145889 146873 large 0
146024 148148 xlarge 5
146042 146255 xlarge 9
146154 146610 xlarge 17
146164 147444 xlarge 11
146190 146476 tiny 3
146263 146620 xlarge 6
146293 146478 xlarge 3
146298 146482 medium 18
146342 146604 medium 0
146342 147348 large 1
146363 146614 medium 1
146586 147280 small 15
146588 146857 xlarge 15
146635 147384 tiny 15
146757 147208 large 9
146797 147214 large 16
146799 147060 medium 13
146889 147078 medium 5
146948 147280 xlarge 9
146979 147286 small 4
147035 148113 large 0
147045 147827 medium 18
147100 147463 medium 4
147125 147532 small 13
147215 147673 tiny 3
147246 148035 xlarge 6
147247 147455 large 12
147279 147441 tiny 1
147378 147778 small 15
147493 147975 medium 5
147593 148192 tiny 4
147645 149084 small 13
147653 148195 tiny 10
147697 148407 tiny 15
147851 148131 medium 4
147854 148143 tiny 1
147942 149188 small 15
148025 148408 xlarge 15
148040 148670 large 1
148050 148355 medium 0
148080 148248 medium 1
148087 148909 large 12
148098 149011 tiny 3
148099 149058 medium 18
148172 148304 xlarge 3
148355 148942 medium 5
148409 148593 xlarge 11
148539 149264 tiny 18
148551 148913 tiny 6
148560 149161 xlarge 5
148576 148970 small 18
148580 149245 large 10
148595 149275 xlarge 10
148596 148852 medium 12
148621 148932 medium 3
148661 149143 large 0
148677 148860 xlarge 3
148678 149045 medium 15
148699 149053 large 4
148728 148981 tiny 4
148759 149016 tiny 14
148771 149025 medium 1
148778 149092 medium 0
148793 149211 xlarge 6
148796 148966 xlarge 0
148797 148873 xlarge 17
148882 149311 xlarge 15
148895 149141 tiny 15
148997 149646 large 1
149004 149487 xlarge 11
149070 149158 medium 4
149219 149665 small 13
149247 150427 medium 13
149280 150583 medium 18
149472 150254 xlarge 6
149518 150041 large 0
149592 153662 xlarge 5
149611 149954 tiny 4
149645 149743 tiny 15
149668 150363 tiny 3
149694 149998 tiny 6
149700 149737 medium 5
149751 150244 large 16
149785 150040 large 10
149807 150247 small 4
149833 150120 tiny 18
149847 150296 xlarge 9
149948 150153 large 12
149951 150096 small 13
150065 150435 xlarge 17
150070 150390 medium 1
150088 150415 tiny 15
150141 150822 small 15
150160 150502 xlarge 4
150168 150511 tiny 1
150173 150453 medium 0
150176 150441 tiny 10
150210 150532 medium 14
150216 150587 xlarge 3
150227 150408 medium 4
150355 151432 xlarge 6
150460 151568 large 0
150462 150760 small 13
150497 150791 xlarge 11
150517 150715 large 1
150577 150659 medium 5
150636 151017 medium 13
150693 150946 large 10
150713 151004 tiny 18
150719 151015 medium 18
151101 151464 tiny 4
151161 152294 medium 5
151175 151401 small 13
151248 152286 large 1
151263 151584 medium 4
151278 152002 medium 13
151345 152330 xlarge 11
151347 152042 medium 16
151382 151591 tiny 10
151398 151783 tiny 1
151428 151610 tiny 15
151456 151772 small 15
151602 152044 large 14
151659 151973 small 1
151718 151961 tiny 4
151733 151888 xlarge 4
151779 151927 small 13
151885 152176 tiny 15
152022 152579 large 0
152055 152153 xlarge 6
152075 152800 medium 18
152165 152792 tiny 3
152185 152523 small 4
152185 152524 medium 13
152273 152544 xlarge 9
152321 152440 large 16
152361 152471 small 15
152489 152971 small 18
152501 152924 large 12
152532 152992 medium 5
152544 152840 xlarge 3
152616 152895 medium 0
152631 152886 medium 3
152646 152806 small 13
152654 152809 large 1
152656 152778 medium 1
152851 153135 small 15
152963 153367 medium 13
153072 153349 small 13
153074 154348 tiny 15
153167 154432 medium 4
153242 153559 large 12
153358 153741 medium 5
153387 153658 large 0
153403 154347 tiny 10
153406 153878 medium 18
153544 154456 tiny 1
153652 154004 xlarge 11
153679 153962 large 1
153717 154388 medium 13
153719 154096 tiny 0
153759 153937 large 16
153776 154148 small 17
153853 153946 large 9
153861 154146 xlarge 9
153891 154002 small 4
153973 155763 medium 5
153992 154333 large 12
154048 154969 tiny 4
154157 154857 small 13
154172 154308 medium 18
154264 155746 large 0
154289 155475 xlarge 6
154308 154597 large 14
154335 154760 xlarge 10
154347 154971 small 15
154376 154743 large 10
154443 154694 tiny 18
154470 154636 xlarge 4
154486 154799 small 1
154487 159770 xlarge 5
154563 155024 large 12
154602 155249 medium 13
154864 155232 medium 18
154886 155179 large 1
154886 155137 xlarge 3
154904 155347 tiny 18
154930 155311 medium 1
154947 155246 xlarge 11
154980 155288 medium 0
155011 155348 large 10
155060 155190 xlarge 10
155075 155207 tiny 3
155184 155449 medium 3
155198 155500 small 13
155221 155465 large 12
155274 155507 tiny 15
155343 155583 medium 4
155520 155742 small 15
155523 156384 medium 13
155676 155959 tiny 4
155851 156218 xlarge 11
155892 156076 medium 4
155912 156404 large 1
155993 156138 tiny 15
156282 156741 small 15
156348 156807 tiny 1
156398 156677 small 13
156426 156823 medium 4
156458 156736 tiny 10
156462 156891 tiny 15
156494 156642 tiny 4
156535 156700 medium 5
156673 157594 large 0
156747 157391 large 1
156854 157445 xlarge 11
157049 157727 medium 18
157177 157786 xlarge 6
157192 157319 small 13
157312 157766 medium 5
157337 157659 large 10
157435 157797 tiny 18
157467 157795 small 15
157616 159127 tiny 15
157644 158846 large 1
157761 158976 xlarge 11
157833 158175 large 9
157843 158396 xlarge 15
157846 158218 large 16
157859 158969 medium 5
157882 158199 large 10
157897 158365 tiny 18
157905 158631 small 15
157951 158392 small 4
157976 158161 medium 13
157984 158215 xlarge 9
158043 158158 large 0
158082 158156 xlarge 6
158088 158520 tiny 4
158145 158500 xlarge 0
158233 158484 xlarge 14
158243 158432 xlarge 2
158253 158470 large 6
158269 158589 medium 12
158302 158681 tiny 14
158302 158497 small 11
158322 158468 tiny 7
158351 158613 medium 15
158362 158591 large 19
158362 158632 xlarge 8
158368 158661 tiny 6
158382 158465 xlarge 13
158468 159160 large 0
158474 159208 tiny 18
158499 158952 medium 16
158504 159115 medium 4
158519 158777 large 18
158564 159162 xlarge 6
158585 159251 medium 13
158624 158758 xlarge 10
158692 159181 large 10
158979 159066 xlarge 9
159059 159557 small 13
159082 159424 small 7
159096 159551 tiny 3
159123 159370 medium 10
159129 159426 large 12
159257 159488 medium 5
159266 159358 medium 18
159292 159519 small 6
159340 159897 large 0
159383 159670 xlarge 6
159389 159783 large 10
159426 159816 tiny 18
159451 159846 small 15
159495 159960 xlarge 11
159514 159891 xlarge 10
159537 160048 large 1
159597 159803 xlarge 15
159632 159978 tiny 10
159652 160124 tiny 15
159686 160946 medium 18
159691 160017 medium 4
159770 160393 tiny 4
159819 161093 medium 5
159835 159995 tiny 1
159936 160245 xlarge 10
159953 160733 xlarge 17
160028 160435 xlarge 6
160055 160969 tiny 3
160056 161063 xlarge 5
160071 160979 small 15
160079 160740 medium 0
160080 160700 xlarge 15
160085 160644 medium 13
160111 160470 large 0
160126 160407 large 10
160138 160289 tiny 18
160148 160627 medium 1
160200 160557 xlarge 3
160248 160964 large 12
160346 160662 medium 3
160376 160703 large 4
160409 160542 small 18
160432 161257 large 1
160466 161063 small 13
160626 161194 xlarge 11
160632 161071 medium 4
160716 160850 tiny 15
160916 161524 large 9
160985 162265 xlarge 9
161001 161991 large 16
161003 161661 small 4
161085 162817 medium 13
161199 161908 large 0
161234 161870 xlarge 6
161241 161640 tiny 15
161254 164952 medium 5
161260 161527 tiny 0
161313 161648 small 13
161350 161485 large 12
161363 161997 xlarge 5
161461 162099 medium 18
161471 162408 small 15
161512 162591 large 1
161548 161947 tiny 18
161593 161768 large 10
161598 161956 tiny 3
161656 161932 tiny 4
161660 161754 xlarge 10
161824 162138 medium 4
161936 162075 tiny 15
162069 163626 tiny 4
162104 162876 large 12
162125 162637 medium 3
162197 163726 small 13
162230 162537 medium 16
162241 162528 xlarge 11
162278 162779 small 18
162289 162339 xlarge 15
162355 162634 tiny 3
162378 162788 medium 18
162428 163104 xlarge 5
162516 162732 medium 0
162517 162881 large 0
162597 162728 xlarge 3
162748 163014 small 15
162784 162932 tiny 15
162840 163013 tiny 6
162990 163424 medium 0
163103 163486 tiny 3
163108 163399 xlarge 3
163113 164796 medium 13
163147 163323 medium 18
163160 163617 medium 3
163165 163611 large 12
163297 163712 large 4
163340 163546 small 4
163355 163768 large 16
163379 163648 small 18
163448 163583 small 15
163452 166127 xlarge 5
163479 163612 xlarge 9
163586 163900 large 14
163655 163869 small 1
163683 164244 medium 18
163695 163984 xlarge 4
163778 164170 tiny 3
163931 164165 xlarge 3
163944 164563 large 0
164003 164684 large 1
164074 164217 medium 0
164074 164471 xlarge 11
164134 164520 small 4
164142 164624 xlarge 0
164252 164482 tiny 6
164262 164500 large 16
164296 164569 tiny 18
164312 164646 xlarge 10
164319 164665 xlarge 6
164321 164579 large 10
164325 164634 xlarge 9
164357 164778 tiny 4
164450 164899 xlarge 15
164523 164983 small 13
164527 164940 tiny 13
164543 164873 small 5
164560 164785 small 0
164663 164957 small 15
164751 165549 tiny 3
164841 165246 tiny 15
164855 165036 large 0
164875 165384 medium 18
165059 165721 small 4
165077 165398 xlarge 17
165082 165530 small 13
165111 165346 xlarge 3
165150 166198 xlarge 9
165159 165457 medium 1
165160 165713 large 16
165163 166449 medium 13
165230 165433 medium 0
165346 166173 large 10
165367 166193 tiny 5
165378 166073 large 0
165385 165940 large 7
165397 166021 medium 11
165438 165972 tiny 18
165442 166003 small 15
165505 166154 xlarge 10
165561 166144 xlarge 6
165596 165995 small 3
165662 166354 large 12
165698 165978 small 18
165789 166044 large 1
165802 166143 tiny 15
165839 166301 small 13
165855 165972 medium 3
165998 166400 medium 5
166245 167157 xlarge 5
166250 166663 large 0
166252 166781 xlarge 6
166349 167657 tiny 15
166381 166755 small 15
166431 166573 medium 18
166549 166992 tiny 6
166689 166948 medium 5
166692 168296 large 1
166708 166919 medium 13
166720 166942 tiny 4
166722 166908 medium 4
166871 168128 large 12
166985 167167 large 0
167050 168402 small 13
167144 167509 medium 18
167225 167594 tiny 1
167264 168074 small 18
167294 167628 medium 4
167325 167468 tiny 10
167325 168217 medium 3
167334 167698 small 15
167345 168201 medium 5
167379 168953 medium 13
167383 167692 xlarge 9
167473 168257 xlarge 11
167490 178473 xlarge 5
167499 168222 large 4
167503 167823 tiny 4
167641 167755 large 8
167755 168755 xlarge 6
167758 168131 medium 18
167791 169006 large 0
167809 168295 tiny 3
167814 168596 tiny 18
167869 168116 large 16
167873 168088 large 9
167883 168249 xlarge 9
167930 168298 small 4
167938 168585 large 10
167992 168290 tiny 0
167994 168517 xlarge 10
167997 168084 small 15
168344 168705 xlarge 11
168435 168932 small 15
168473 168688 large 1
168561 170233 medium 5
168684 169089 medium 18
168960 169434 tiny 15
168969 169281 medium 3
169016 169263 tiny 1
169083 169289 small 18
169085 169351 medium 4
169098 169272 tiny 10
169173 169427 small 13
169193 169486 large 12
169252 169706 tiny 3
169306 169835 large 0
169333 169747 large 1
169336 169539 medium 0
169355 169556 xlarge 17
169402 169958 medium 18
169417 170083 medium 13
169417 169716 xlarge 3
169467 169743 medium 1
169477 170353 tiny 4
169551 169863 large 16
169567 169919 small 18
169617 169865 medium 3
169643 170167 large 12
169644 169841 large 8
169664 169956 large 10
169699 169946 tiny 18
169699 170207 small 13
169704 169951 small 4
169717 170053 xlarge 9
169726 169912 small 15
169727 170513 tiny 15
169776 169847 xlarge 6
169786 170054 large 4
170050 170693 medium 4
170145 170796 small 15
170158 170462 medium 18
170162 170500 large 10
170226 170605 xlarge 6
170235 170607 medium 1
170248 170510 tiny 3
170312 170606 tiny 18
170340 170652 xlarge 10
170341 170624 xlarge 17
170358 170633 xlarge 3
170372 170559 medium 0
170393 170538 large 0
170442 171285 xlarge 9
170442 170744 xlarge 12
170456 171291 small 4
170465 170892 medium 2
170472 170793 medium 7
170490 170912 small 17
170554 170985 tiny 11
170564 171274 large 16
170587 170999 large 9
170611 170937 medium 8
170625 170897 tiny 9
170638 170859 tiny 0
170685 170852 tiny 12
170699 171152 medium 13
171052 171365 large 0
171117 171803 tiny 4
171173 171749 large 1
171209 171725 medium 5
171218 171816 tiny 6
171260 171710 xlarge 11
171356 171832 medium 16
171370 171776 xlarge 0
171580 171868 tiny 15
171726 172148 medium 18
171742 171962 tiny 3
171824 172068 small 15
171958 172363 xlarge 11
172035 172484 large 1
172036 172384 tiny 4
172062 172257 medium 5
172103 173062 large 0
172148 172401 tiny 6
172172 172314 large 10
172172 172948 xlarge 6
172181 172244 tiny 18
172190 172352 xlarge 10
172235 172928 small 13
172254 173042 medium 18
172266 172598 large 16
172283 172608 medium 4
172292 172685 small 15
172309 172569 xlarge 3
172353 172997 tiny 3
172386 173040 medium 13
172425 172751 xlarge 9
172432 172842 tiny 15
172455 172890 large 12
172471 172655 medium 0
172611 173022 large 10
172686 172893 tiny 18
172780 173091 xlarge 10
172901 173800 small 15
172959 173594 tiny 4
173090 173662 medium 5
173180 173912 large 12
173233 173484 medium 3
173303 173449 large 4
173316 173645 small 18
173335 173624 tiny 15
173346 174337 medium 13
173384 173848 small 13
173613 173883 xlarge 15
173700 173761 xlarge 9
173794 174428 large 0
173817 174070 large 1
173819 174286 tiny 18
173839 174525 xlarge 6
173851 174554 tiny 15
173868 174111 xlarge 11
173989 174255 large 10
174044 174381 small 13
174052 174578 medium 4
174092 174382 large 16
174117 174512 large 9
174122 174446 xlarge 9
174152 174521 small 4
174176 174776 medium 18
174244 174878 tiny 3
174351 174647 medium 5
174368 174899 medium 0
174410 174787 tiny 6
174416 174805 medium 1
174433 176228 small 15
174449 174791 xlarge 3
174450 174834 tiny 4
174518 174862 xlarge 17
174676 175141 medium 4
174706 175924 tiny 15
174783 175036 tiny 1
174854 175181 tiny 10
174956 175399 large 10
174961 175285 xlarge 6
175047 175391 tiny 18
175106 175260 large 1
175178 176020 medium 13
175182 175759 large 0
175259 175652 xlarge 9
175268 175690 tiny 0
175314 175680 small 4
175369 175606 large 9
175433 175576 large 16
175463 176350 medium 5
175564 176010 medium 4
175620 175916 large 1
175714 175970 xlarge 11
175917 176369 small 1
175960 176330 medium 18
175980 176365 xlarge 4
176015 176366 tiny 4
176019 176354 large 14
176031 176266 tiny 3
176183 176984 tiny 15
176235 176635 large 1
176472 176794 tiny 3
176508 176810 small 13
176582 176778 medium 18
176595 178137 medium 13
176639 178286 medium 5
176649 176761 small 15
176744 177298 large 16
176788 177797 tiny 6
176791 177054 xlarge 4
176805 178389 tiny 4
176820 177187 large 14
176849 177177 xlarge 9
176885 177033 small 1
176934 177114 large 17
176960 177148 tiny 2
176999 177130 small 12
177111 177433 medium 3
177127 177491 large 0
177129 178156 small 13
177174 178079 large 12
177246 177566 small 18
177343 177833 xlarge 11
177399 177790 xlarge 9
177405 177753 xlarge 0
177467 177736 large 1
177489 177716 medium 18
177760 177936 xlarge 6
177803 178089 large 14
177807 178754 small 15
177831 178093 large 0
177883 178191 xlarge 4
177949 179667 tiny 15
178137 178334 medium 18
178141 179060 large 1
178144 178336 tiny 3
178145 178246 xlarge 11
178262 178734 large 12
178264 178963 medium 4
178271 178675 medium 13
178400 178656 small 13
178482 178693 medium 3
178551 179150 medium 5
178583 178972 tiny 10
178735 179071 xlarge 5
178737 179039 tiny 1
178739 178895 xlarge 11
178759 178946 large 0
178904 179154 small 13
178946 180154 small 15
178991 179393 tiny 6
179005 179197 tiny 3
179010 179377 medium 18
179027 179255 tiny 4
179092 179504 medium 13
179324 180977 xlarge 5
179353 179624 medium 4
179454 179936 medium 5
179465 180260 large 0
179577 179791 tiny 6
179602 179914 tiny 4
179631 180141 xlarge 6
179644 179964 xlarge 15
179838 180984 medium 18
179865 181001 tiny 3
180038 180426 medium 15
180046 180421 tiny 14
180047 180577 large 6
180051 180575 tiny 10
180099 180377 medium 4
180113 180494 xlarge 0
180138 180434 xlarge 8
180143 181671 large 1
180168 180402 medium 12
180179 181179 medium 5
180194 180347 tiny 15
180223 180359 xlarge 13
180223 180508 xlarge 14
180235 181092 xlarge 11
180246 180529 tiny 4
180280 180516 tiny 6
180290 180394 large 19
180296 180428 tiny 1
180466 180813 xlarge 4
180639 181165 small 15
180698 181029 tiny 15
180750 181121 large 16
180807 182465 medium 13
180825 181021 tiny 0
180826 181049 small 4
180843 181084 large 9
180863 180977 xlarge 9
180866 180990 tiny 4
180942 181331 medium 3
181021 181785 small 13
181041 181414 large 4
181071 181293 large 12
181091 181270 small 18
181242 181584 xlarge 11
181293 182049 tiny 15
181300 183673 xlarge 5
181393 181656 medium 16
181616 181836 xlarge 9
181669 181988 large 0
181721 181893 xlarge 6
181851 182592 tiny 4
181926 182654 medium 5
181961 182274 small 13
182155 182588 tiny 3
182163 182767 medium 18
182229 182441 xlarge 3
182256 183214 large 0
182331 182467 xlarge 15
182338 182552 medium 1
182339 182677 medium 0
182371 182549 small 15
182373 182558 xlarge 17
182389 182902 tiny 15
182438 182871 medium 4
182443 182889 tiny 1
182458 182794 xlarge 11
182674 183160 xlarge 6
182677 183223 large 1
182823 183080 tiny 18
182854 183085 xlarge 10
182862 183437 medium 5
182887 183276 tiny 4
182904 183160 large 10
182914 184290 medium 13
183228 183339 small 15
183429 183700 xlarge 3
183442 183758 xlarge 17
183464 184678 large 1
183491 183720 medium 1
183505 183688 medium 0
183564 184614 tiny 3
183572 183752 xlarge 11
183585 184733 medium 18
183649 184160 large 12
183686 184090 tiny 15
183697 184017 medium 5
183702 184152 small 13
183706 185261 small 15
183754 184124 xlarge 15
183963 184262 large 0
184059 184601 xlarge 11
184092 185072 xlarge 5
184321 184738 xlarge 15
184359 185252 small 13
184486 184646 large 12
184552 185197 medium 4
184576 185055 small 7
184597 185032 medium 10
184633 184869 large 16
184647 186392 tiny 15
184679 185187 medium 13
184684 185020 tiny 19
184694 185353 tiny 1
184702 184894 xlarge 9
184722 184893 small 4
184732 184943 medium 9
184747 184988 large 2
184762 185009 small 6
184783 184977 tiny 10
184944 185313 xlarge 15
185046 185133 large 12
185078 185171 medium 3
185136 185442 medium 18
185138 185954 medium 5
185160 185543 large 10
185234 185658 xlarge 6
185290 185588 tiny 18
185292 187705 xlarge 5
185337 185505 large 0
185439 185960 small 15
185584 185955 small 13
185765 186241 tiny 3
185800 187085 large 0
185867 186849 medium 13
185924 186088 medium 18
185955 187025 xlarge 6
186102 186524 tiny 6
186236 187040 medium 5
186241 186564 tiny 4
186381 187189 xlarge 11
186398 186952 large 1
186673 186958 large 14
186705 187231 small 15
186706 187165 xlarge 4
186824 187332 small 13
186954 187298 medium 3
187049 187564 tiny 15
187054 187798 medium 13
187070 187284 large 12
187124 187266 small 18
187271 187673 large 0
187356 188184 medium 5
187567 187942 xlarge 15
187591 187924 medium 18
187655 187883 tiny 3
