#base_trace: pl05, config_file: configs/testing/day1/config100.xml, total_servers: 100, total_time: 86400, time_dist_mean: 2.590000, time_dist_stdev: 0.450000, node_dist_mean: 1.800000, node_dist_stdev: 1.750000
0 57 tiny 2
0 129640 tiny 7
0 70 small 7
0 396 medium 7
0 129718 large 6
0 51 large 7
0 81 xlarge 2
0 48 2xlarge 3
0 2602 2xlarge 4
0 1034 2xlarge 7
0 82 3xlarge 2
0 15102 4xlarge 1
0 129685 4xlarge 7
0 68 6xlarge 7
33 219 3xlarge 3
50 221 large 8
53 237 3xlarge 5
54 239 5xlarge 0
57 230 small 5
58 684 4xlarge 5
58 202 5xlarge 2
65 168 6xlarge 4
72 154 5xlarge 8
80 338 medium 3
88 157 4xlarge 2
100 170 tiny 3
117 181 2xlarge 6
166 458 5xlarge 1
168 317 tiny 1
180 301 medium 2
198 2631 large 7
288 464 small 6
301 447 xlarge 2
327 448 6xlarge 7
394 583 5xlarge 7
397 517 2xlarge 9
413 544 3xlarge 5
448 657 3xlarge 3
457 579 5xlarge 8
518 660 6xlarge 3
548 655 tiny 1
551 694 small 8
555 711 medium 2
557 694 5xlarge 1
558 717 6xlarge 5
565 687 xlarge 2
567 787 medium 7
577 631 6xlarge 7
589 699 3xlarge 9
652 800 small 6
760 1019 2xlarge 6
766 1035 6xlarge 4
790 2597 4xlarge 5
797 881 2xlarge 3
813 920 small 7
819 915 3xlarge 2
832 890 3xlarge 5
836 878 5xlarge 8
839 1135 3xlarge 3
890 1054 xlarge 2
916 1169 medium 7
922 1030 5xlarge 1
1007 1131 medium 3
1115 1253 6xlarge 7
1132 1263 xlarge 2
1151 1841 2xlarge 7
1158 1313 tiny 2
1180 1271 tiny 8
1243 1399 5xlarge 7
1254 1387 medium 7
1281 1363 large 1
1290 1407 3xlarge 3
1290 1361 6xlarge 9
1354 1510 small 6
1358 1488 3xlarge 5
1361 1535 medium 3
1365 1488 4xlarge 4
1379 1535 4xlarge 9
1380 1473 5xlarge 8
1384 1518 tiny 3
1386 1558 large 4
1404 1637 xlarge 2
1413 1501 medium 8
1423 1537 5xlarge 2
1494 2511 3xlarge 3
1504 1596 6xlarge 7
1527 1740 5xlarge 1
1548 2104 medium 7
1593 1780 2xlarge 6
1599 1753 small 8
1601 1784 tiny 4
1607 1773 6xlarge 3
1610 1790 small 6
1611 1859 small 7
1616 1762 6xlarge 4
1628 1746 tiny 1
1631 1769 6xlarge 9
1635 1749 5xlarge 7
1640 1775 medium 2
1656 1718 2xlarge 5
1665 1783 large 1
1667 1760 3xlarge 6
1680 1907 2xlarge 3
1727 1860 xlarge 2
1765 1880 6xlarge 7
1789 1901 tiny 3
1790 1852 medium 3
1952 2112 5xlarge 8
1959 2150 xlarge 2
1962 2086 5xlarge 1
1963 2146 6xlarge 4
1986 3530 2xlarge 7
2004 2110 2xlarge 6
2038 2117 3xlarge 5
2195 2392 2xlarge 6
2197 2498 small 7
2198 5959 medium 7
2208 2344 5xlarge 5
2208 2336 6xlarge 4
2209 2351 5xlarge 7
2211 2378 5xlarge 4
2243 2363 6xlarge 9
2244 2369 large 1
2251 2354 3xlarge 5
2251 2381 5xlarge 8
2259 2322 5xlarge 9
2269 2440 2xlarge 3
2272 2370 large 9
2274 2393 3xlarge 8
2315 2456 tiny 8
2320 2449 tiny 3
2323 2615 medium 3
2343 2499 tiny 2
2345 2479 small 5
2352 2600 5xlarge 1
2354 2504 5xlarge 2
2355 2466 large 8
2358 2510 6xlarge 7
2398 2519 xlarge 2
2616 2754 2xlarge 6
2632 2733 3xlarge 3
2684 2824 large 8
2689 3112 4xlarge 5
2706 2916 medium 3
2711 2819 5xlarge 2
2715 2826 small 5
2724 3052 2xlarge 4
2725 2858 4xlarge 2
2750 2942 tiny 3
2797 4542 large 7
2808 2934 3xlarge 0
2818 2997 6xlarge 4
2833 2915 6xlarge 6
2835 2930 5xlarge 5
2840 2971 6xlarge 0
2846 2969 2xlarge 8
2857 2962 2xlarge 6
2864 2980 3xlarge 3
2872 2929 medium 6
2927 3467 6xlarge 7
2942 3654 xlarge 2
2970 3172 small 7
2982 3155 2xlarge 3
3034 3232 6xlarge 2
3045 3230 4xlarge 3
3046 3236 3xlarge 5
3051 3530 5xlarge 1
3051 3190 5xlarge 3
3069 3206 large 0
3081 3160 small 1
3087 3210 3xlarge 2
3097 3164 5xlarge 8
3098 3162 6xlarge 1
3167 3394 4xlarge 5
3168 3433 2xlarge 4
3280 3393 3xlarge 7
3291 3437 4xlarge 8
3292 3399 tiny 8
3293 3416 medium 9
3336 3408 tiny 2
3340 3459 tiny 6
3397 3535 2xlarge 6
3458 3587 3xlarge 3
3462 3568 6xlarge 4
3514 3912 small 7
3530 3647 2xlarge 4
3538 3705 5xlarge 2
3556 3674 6xlarge 7
3561 3692 small 5
3561 3634 4xlarge 5
3571 3928 2xlarge 3
3580 3697 large 8
3581 3650 tiny 3
3583 3663 medium 3
3647 3816 2xlarge 7
3653 3782 small 6
3672 3823 2xlarge 6
3678 3756 3xlarge 5
3683 3834 5xlarge 8
3713 4024 3xlarge 3
3786 3917 xlarge 2
3794 5153 2xlarge 4
3819 3879 6xlarge 7
3831 4302 4xlarge 5
3876 4062 medium 2
3881 4124 medium 3
3894 4038 2xlarge 6
3908 4006 5xlarge 9
3919 4054 3xlarge 8
3944 4069 tiny 1
3946 4075 6xlarge 4
3950 4355 5xlarge 1
3956 4556 2xlarge 7
3960 4004 small 6
3993 4159 large 8
4065 4123 tiny 3
4077 4121 5xlarge 2
4112 4528 3xlarge 3
4163 4375 xlarge 2
4239 4543 5xlarge 8
4250 4393 xlarge 3
4251 4409 xlarge 0
4261 4437 4xlarge 0
4268 4373 xlarge 6
4275 4554 3xlarge 5
4284 4376 medium 0
4292 4398 medium 3
4310 4430 2xlarge 1
4314 4431 2xlarge 9
4316 4395 6xlarge 7
4360 4553 5xlarge 9
4372 4677 2xlarge 3
4383 4966 4xlarge 5
4420 4487 3xlarge 8
4436 4612 small 7
4483 4598 6xlarge 9
4494 4732 medium 3
4495 4767 5xlarge 1
4496 4632 3xlarge 6
4502 4619 tiny 3
4516 4647 large 1
4522 4658 large 8
4553 4599 5xlarge 7
4555 4657 5xlarge 2
4609 5369 large 7
4620 4795 xlarge 2
4636 4742 3xlarge 3
4637 5017 2xlarge 7
4660 4741 6xlarge 7
4857 4951 medium 2
4863 5119 small 7
4878 5018 xlarge 2
4882 5002 5xlarge 9
4883 5006 5xlarge 1
4890 5104 medium 3
4895 4989 tiny 1
4902 4993 3xlarge 8
4913 5158 2xlarge 3
4953 5126 large 8
4953 5114 4xlarge 2
4954 5109 5xlarge 5
4956 5157 5xlarge 2
4966 5225 5xlarge 8
4967 5231 xlarge 3
4970 5595 3xlarge 3
4978 5256 xlarge 6
4979 5121 small 5
4981 5107 6xlarge 4
5001 5095 2xlarge 6
5002 5158 5xlarge 0
5016 5121 tiny 3
5018 5240 2xlarge 9
5023 5194 3xlarge 5
5093 5223 2xlarge 1
5128 5279 xlarge 2
5140 5699 2xlarge 7
5141 5202 6xlarge 7
5193 5487 5xlarge 7
5217 5595 4xlarge 5
5221 5347 medium 3
5221 5629 5xlarge 1
5229 5349 tiny 3
5233 5501 6xlarge 9
5258 5490 3xlarge 6
5270 5472 large 1
5273 5568 2xlarge 4
5312 5519 xlarge 8
5318 5432 medium 4
5332 5443 3xlarge 4
5347 5477 tiny 4
5355 5513 3xlarge 1
5373 5517 2xlarge 5
5380 5438 small 9
5455 6046 large 7
5458 5843 medium 3
5560 5702 xlarge 8
5586 5792 tiny 3
5593 5750 small 9
5608 5723 medium 4
5609 5798 xlarge 2
5631 5709 tiny 2
5636 5679 6xlarge 7
5687 6064 2xlarge 4
5698 5918 3xlarge 3
5799 6930 2xlarge 7
5820 5912 5xlarge 4
5824 5978 5xlarge 9
5831 5956 4xlarge 5
5832 5953 2xlarge 3
5839 5991 small 7
5850 5924 large 9
5855 5927 3xlarge 8
5962 6118 xlarge 2
5969 6064 6xlarge 7
6051 6807 medium 7
6079 6196 medium 3
6086 6182 6xlarge 4
6087 6423 3xlarge 3
6102 6179 3xlarge 5
6119 6220 2xlarge 6
6119 6224 5xlarge 8
6163 6353 6xlarge 7
6179 6309 tiny 6
6185 6357 tiny 2
6186 6793 large 7
6194 6352 xlarge 2
6197 6274 5xlarge 1
6201 6342 3xlarge 7
6204 6342 medium 9
6216 6276 tiny 8
6274 6449 large 8
6279 6471 3xlarge 0
6281 6450 6xlarge 4
6286 6434 large 2
6295 6394 medium 3
6295 6403 3xlarge 8
6297 6427 medium 6
6300 6431 2xlarge 8
6301 6444 2xlarge 3
6301 6430 6xlarge 0
6308 6448 2xlarge 6
6309 6459 5xlarge 5
6320 6407 5xlarge 9
6325 6394 tiny 3
6326 6447 small 7
6334 6452 5xlarge 2
6339 6681 2xlarge 4
6342 6712 4xlarge 5
6346 6463 tiny 9
6354 6433 xlarge 4
6356 6477 3xlarge 2
6356 6394 6xlarge 6
6525 6786 small 5
6530 6836 tiny 3
6538 6823 medium 3
6545 6700 2xlarge 3
6548 6693 6xlarge 4
6550 6779 5xlarge 2
6570 6636 small 7
6590 6764 large 8
6594 6772 3xlarge 3
6596 6656 2xlarge 6
6596 6632 5xlarge 1
6681 6796 6xlarge 7
6687 6790 xlarge 2
6715 6773 5xlarge 8
6716 6822 3xlarge 5
6884 7285 medium 7
6888 7053 2xlarge 4
6918 7006 5xlarge 8
6921 7032 medium 3
6924 7050 3xlarge 5
6940 7067 4xlarge 5
7021 7292 3xlarge 3
7032 7375 large 7
7120 7273 medium 4
7122 7243 5xlarge 1
7127 7299 small 9
7131 7265 xlarge 8
7161 7293 small 6
7163 7232 medium 2
7166 7384 4xlarge 5
7173 7357 2xlarge 4
7181 7312 2xlarge 7
7198 7257 tiny 1
7233 7504 5xlarge 7
7288 7427 xlarge 2
7304 7542 large 1
7314 7545 6xlarge 9
7353 7641 xlarge 8
7358 7546 small 4
7363 7490 tiny 4
7366 7796 2xlarge 7
7368 7532 2xlarge 0
7379 7538 3xlarge 1
7380 7477 3xlarge 5
7380 7486 5xlarge 8
7385 7556 3xlarge 4
7403 7602 medium 4
7409 7652 small 9
7409 7488 2xlarge 3
7420 7655 3xlarge 3
7421 7495 small 7
7422 7530 medium 3
7422 7503 3xlarge 6
7425 7542 medium 1
7437 7509 2xlarge 5
7487 12238 medium 7
7511 7999 5xlarge 1
7519 7786 large 7
7533 7651 2xlarge 4
7556 7622 4xlarge 5
7722 7861 small 8
7726 7882 medium 5
7735 7918 6xlarge 3
7747 8203 2xlarge 4
7754 7899 tiny 3
7760 8234 4xlarge 5
7761 7833 6xlarge 5
7762 7873 medium 2
7764 7873 tiny 1
7773 7849 large 8
7789 7916 5xlarge 2
7794 7833 3xlarge 9
7796 7891 medium 3
7847 8022 5xlarge 8
7858 8247 2xlarge 6
7877 7978 medium 4
7889 8555 2xlarge 7
7892 8038 3xlarge 5
7907 8234 small 6
7911 8010 small 9
7916 7975 xlarge 8
7920 8236 3xlarge 3
7987 8512 large 7
8022 8106 6xlarge 4
8100 8217 6xlarge 7
8104 8225 5xlarge 8
8115 8245 2xlarge 5
8115 8222 5xlarge 1
8126 8192 3xlarge 6
8135 8226 tiny 4
8136 8367 5xlarge 7
8143 8277 xlarge 2
8144 8273 3xlarge 5
8144 8195 6xlarge 9
8149 8246 large 1
8312 8608 3xlarge 3
8330 8432 2xlarge 6
8338 8639 5xlarge 1
8359 9645 2xlarge 4
8373 8470 small 6
8443 8581 2xlarge 3
8449 9220 4xlarge 5
8455 8601 small 7
8557 8804 large 4
8559 8859 medium 8
8572 8821 small 6
8572 8757 5xlarge 7
8575 8964 large 7
8578 8754 6xlarge 9
8597 8685 large 1
8619 8866 4xlarge 4
8623 8853 large 3
8634 8813 4xlarge 9
8713 8964 2xlarge 7
8753 9038 medium 3
8804 8976 xlarge 2
8804 9032 3xlarge 3
8806 8956 small 9
8812 8972 medium 4
8819 8956 xlarge 8
8844 8992 3xlarge 8
8865 8966 5xlarge 1
9000 9111 tiny 3
9036 10241 large 7
9045 9173 large 9
9057 9217 2xlarge 7
9059 9238 xlarge 2
9080 9222 5xlarge 4
9107 9178 3xlarge 8
9118 9173 5xlarge 9
9153 9345 2xlarge 3
9177 9317 4xlarge 9
9185 9307 small 7
9201 9582 3xlarge 3
9214 9352 4xlarge 4
9217 9516 2xlarge 6
9218 9320 small 6
9227 9324 large 4
9274 9650 2xlarge 7
9306 9394 xlarge 2
9319 9435 4xlarge 5
9410 9518 2xlarge 8
9410 9554 6xlarge 6
9413 9566 6xlarge 0
9414 9511 3xlarge 0
9418 9587 6xlarge 4
9451 9516 medium 6
9480 9564 5xlarge 5
9546 9717 4xlarge 5
9634 9839 6xlarge 6
9640 9796 2xlarge 6
9644 9754 large 1
9645 9786 5xlarge 5
9646 9756 medium 3
9648 9812 large 8
9652 9818 4xlarge 9
9653 9819 tiny 3
9654 9804 6xlarge 4
9656 9788 5xlarge 7
9667 9795 2xlarge 8
9674 9778 large 4
9674 9757 4xlarge 4
9675 9828 6xlarge 9
9676 9838 small 5
9676 9802 small 6
9678 9755 medium 6
9685 9834 5xlarge 2
9687 9816 6xlarge 0
9694 9836 3xlarge 6
9695 9761 3xlarge 3
9702 9837 3xlarge 0
9719 9936 xlarge 2
9776 9903 6xlarge 7
9796 11947 2xlarge 7
9803 9874 2xlarge 4
9823 9947 tiny 2
9884 9993 6xlarge 9
9889 10031 5xlarge 1
9902 10010 3xlarge 3
9929 10015 large 1
9929 10058 3xlarge 6
9950 10018 5xlarge 7
9996 10241 xlarge 2
10002 10258 small 9
10040 10246 medium 4
10044 11218 2xlarge 4
10061 10621 4xlarge 5
10075 10236 xlarge 8
10138 10288 6xlarge 7
10140 10259 small 7
10164 10240 5xlarge 8
10173 10240 tiny 8
10185 10317 tiny 2
10194 10254 2xlarge 3
10197 10303 3xlarge 5
10245 10436 medium 3
10362 10491 2xlarge 3
10380 10559 small 7
10428 10480 3xlarge 2
10429 10551 large 7
10510 10614 medium 3
10537 10614 3xlarge 3
10547 10652 2xlarge 6
10631 10742 large 7
10753 10887 2xlarge 3
10765 10897 3xlarge 3
10780 10832 small 7
10791 11254 4xlarge 5
10797 10836 5xlarge 1
10870 11028 large 1
10897 10958 6xlarge 9
10908 11011 5xlarge 7
10909 11253 large 7
10952 11127 5xlarge 9
10977 11132 3xlarge 8
11149 11268 medium 3
11200 11468 medium 2
11219 11377 small 7
11219 11377 small 8
11223 11352 2xlarge 3
11226 11468 5xlarge 1
11230 11431 6xlarge 3
11236 11389 3xlarge 9
11248 11462 tiny 1
11251 11319 3xlarge 3
11276 11364 medium 5
11276 11338 6xlarge 5
11313 11487 xlarge 2
11326 11479 5xlarge 8
11328 11511 6xlarge 7
11331 11564 large 7
11339 11485 3xlarge 5
11359 11496 2xlarge 9
11397 11735 2xlarge 4
11559 11801 small 7
11573 11878 2xlarge 3
11586 11689 4xlarge 5
11600 11868 medium 3
11707 11820 xlarge 2
11714 11866 small 6
11733 12097 large 7
11748 11966 3xlarge 3
11793 11947 3xlarge 8
11816 11939 large 1
11836 11914 4xlarge 5
11841 11995 5xlarge 7
11854 11968 2xlarge 6
11871 11960 2xlarge 4
11915 12043 3xlarge 5
11929 12052 5xlarge 8
11929 12072 6xlarge 7
11936 12084 xlarge 3
11941 12091 xlarge 2
11945 12062 5xlarge 1
11967 12100 2xlarge 9
11973 12091 medium 2
11994 12094 tiny 1
12060 12206 6xlarge 4
12063 12165 3xlarge 3
12065 12216 2xlarge 7
12076 12217 small 7
12083 12154 2xlarge 3
12086 12189 2xlarge 6
12096 13544 2xlarge 4
12100 12325 4xlarge 5
12162 12289 medium 3
12163 12325 tiny 3
12164 14276 large 7
12180 12341 5xlarge 2
12194 12276 large 8
12200 12282 6xlarge 7
12227 12597 xlarge 2
12273 12445 5xlarge 7
12274 12463 3xlarge 6
12277 12412 large 1
12281 12439 6xlarge 6
12287 12452 2xlarge 5
12302 12399 2xlarge 6
12304 12428 tiny 4
12305 12422 xlarge 8
12313 12441 small 9
12321 12434 6xlarge 4
12322 12438 medium 4
12327 12471 2xlarge 8
12329 12446 medium 7
12335 12429 medium 6
12335 12477 3xlarge 3
12339 12415 6xlarge 0
12339 12404 6xlarge 9
12344 12414 3xlarge 0
12347 12405 5xlarge 5
12352 12584 2xlarge 7
12397 12698 tiny 3
12411 13355 4xlarge 5
12414 12648 medium 3
12421 12596 5xlarge 8
12442 12512 3xlarge 5
12452 12692 large 8
12467 12636 5xlarge 2
12534 12672 small 5
12537 12666 3xlarge 3
12578 12652 4xlarge 2
12586 12652 5xlarge 0
12633 12950 large 0
12635 12893 2xlarge 3
12636 12932 3xlarge 2
12664 12896 small 7
12668 12900 5xlarge 3
12692 12899 small 1
12694 12883 4xlarge 3
12695 12751 5xlarge 8
12707 12995 2xlarge 7
12766 12952 tiny 3
12786 13013 5xlarge 1
12788 12929 5xlarge 2
12796 12884 tiny 1
12799 12894 6xlarge 1
12802 13722 medium 7
12807 12920 medium 3
12812 12915 xlarge 2
12838 12934 medium 2
12875 13021 small 9
12906 13036 xlarge 8
12942 13058 medium 4
13059 13147 2xlarge 6
13070 13185 6xlarge 4
13078 13286 3xlarge 3
13130 13236 small 7
13173 13255 2xlarge 3
13182 14020 2xlarge 7
13360 13755 3xlarge 3
13372 13503 2xlarge 3
13388 13529 5xlarge 1
13399 13499 small 7
13479 13645 medium 4
13482 13646 small 9
13505 13730 2xlarge 6
13529 13636 xlarge 8
13545 13712 6xlarge 4
13559 13649 5xlarge 5
13615 13769 5xlarge 7
13715 16313 2xlarge 4
13735 13869 2xlarge 3
13766 13904 small 7
13798 13878 small 6
13842 14130 4xlarge 5
13851 14030 xlarge 8
13863 14265 3xlarge 3
13889 14136 5xlarge 1
13891 14019 medium 2
13899 13978 medium 4
13911 14002 small 9
13916 14073 medium 7
13918 14011 tiny 1
13980 14195 6xlarge 7
14024 14191 xlarge 2
14120 14377 2xlarge 7
14131 14331 3xlarge 5
14138 14351 5xlarge 8
14203 14349 2xlarge 1
14240 14377 medium 0
14242 14334 xlarge 6
14253 14368 2xlarge 9
14267 14338 xlarge 3
14315 14638 5xlarge 1
14317 15214 medium 7
14327 14511 6xlarge 9
14332 14577 xlarge 2
14340 14490 4xlarge 5
14351 14517 large 1
14367 14625 6xlarge 7
14370 15409 large 7
14375 14435 5xlarge 7
14432 15040 3xlarge 3
14471 14792 6xlarge 4
14498 17076 2xlarge 7
14518 14847 2xlarge 6
14571 14718 3xlarge 0
14578 14729 2xlarge 8
14582 14688 medium 6
14584 14711 6xlarge 0
14586 14707 xlarge 4
14589 14733 tiny 9
14616 14729 6xlarge 6
14629 14684 5xlarge 5
14798 14990 medium 9
14805 14962 6xlarge 7
14821 14986 4xlarge 5
14825 14959 5xlarge 1
14836 14962 3xlarge 5
14843 14918 tiny 2
14852 14965 xlarge 2
14867 14983 3xlarge 7
14871 14944 tiny 8
14873 14918 5xlarge 8
14916 15096 6xlarge 4
14920 15235 medium 4
14947 15056 4xlarge 9
14953 15073 small 6
14957 15227 small 9
14965 15183 xlarge 8
14974 15041 large 8
14978 15072 5xlarge 2
14979 15056 2xlarge 6
14980 15059 large 4
14982 15111 medium 3
14997 15034 tiny 3
14999 15097 4xlarge 4
15040 15210 6xlarge 7
15044 15151 5xlarge 8
15097 15178 xlarge 2
15116 15220 3xlarge 5
15171 15324 5xlarge 7
15175 15290 large 1
15182 15279 6xlarge 9
15192 20082 4xlarge 1
15196 15290 3xlarge 6
15278 15478 medium 7
15313 15417 xlarge 2
15315 15591 3xlarge 3
15330 15555 2xlarge 6
15331 15469 6xlarge 7
15338 15586 6xlarge 4
15476 15517 5xlarge 5
15518 15682 large 1
15525 16497 medium 7
15537 16315 4xlarge 5
15543 15694 5xlarge 7
15548 15665 xlarge 8
15558 15646 6xlarge 9
15575 15708 medium 4
15579 15647 3xlarge 6
15589 15651 tiny 4
15598 15703 2xlarge 5
15599 15689 small 9
15633 15817 tiny 3
15634 16140 5xlarge 1
15643 16662 3xlarge 3
15644 16162 6xlarge 4
15704 16304 2xlarge 6
15705 16063 medium 3
15754 15920 5xlarge 7
15765 15891 5xlarge 9
15777 15903 xlarge 2
15784 15951 large 1
15792 15932 tiny 2
15801 15926 6xlarge 7
15808 15916 3xlarge 8
15820 15924 large 7
15873 16066 tiny 3
15874 16064 medium 6
15901 16028 6xlarge 6
15918 16023 2xlarge 8
15919 16010 5xlarge 5
15940 16078 3xlarge 0
15951 16024 6xlarge 0
15958 16006 large 8
15960 16020 small 5
15960 16017 5xlarge 2
16021 16118 5xlarge 9
16067 16122 3xlarge 8
16166 18581 large 7
16169 16263 tiny 3
16174 16308 medium 3
16252 16370 small 7
16260 16551 5xlarge 1
16285 16381 2xlarge 3
16294 16393 xlarge 8
16312 16376 medium 4
16353 19375 2xlarge 4
16353 16479 6xlarge 0
16354 16521 3xlarge 0
16360 16499 2xlarge 8
16371 16492 4xlarge 5
16387 16473 5xlarge 5
16401 16513 6xlarge 4
16415 16510 medium 6
16416 16548 6xlarge 6
16432 16539 2xlarge 6
16436 16501 tiny 9
16473 16607 xlarge 8
16475 16622 xlarge 2
16485 16659 small 9
16493 16594 medium 4
16536 16609 6xlarge 7
16597 16877 4xlarge 5
16615 17039 medium 7
16626 16796 large 1
16673 16795 5xlarge 7
16715 16900 xlarge 8
16734 16844 5xlarge 9
16753 16837 medium 4
16753 17004 3xlarge 3
16760 16847 5xlarge 4
16762 16875 large 9
16765 16840 3xlarge 8
16842 16969 2xlarge 6
16874 16996 5xlarge 1
16960 17120 3xlarge 7
16973 17120 medium 9
16982 17349 xlarge 2
16994 17574 4xlarge 5
17008 17095 tiny 8
17018 17387 6xlarge 7
17019 17147 tiny 2
17082 17968 medium 7
17090 17270 small 7
17111 17276 5xlarge 1
17142 17277 2xlarge 3
17210 17473 5xlarge 2
17215 17447 large 8
17225 17574 medium 3
17236 18175 2xlarge 7
17249 17350 3xlarge 5
17270 17449 small 5
17272 17338 5xlarge 8
17274 17442 tiny 3
17274 17503 3xlarge 3
17276 17451 4xlarge 2
17367 17475 5xlarge 1
17467 17678 xlarge 2
17480 17578 tiny 2
17510 17698 6xlarge 7
17677 18152 4xlarge 5
17686 17798 2xlarge 6
17700 17968 large 1
17730 18092 5xlarge 7
17731 17863 5xlarge 5
17738 17806 6xlarge 4
17745 17828 3xlarge 3
17804 17964 2xlarge 5
17805 17913 tiny 4
17813 17994 6xlarge 9
17831 17966 3xlarge 1
17855 17951 5xlarge 1
17860 17967 3xlarge 6
17864 17964 3xlarge 4
17914 18054 xlarge 3
17917 18094 2xlarge 1
17923 18102 xlarge 6
17942 18046 medium 3
17946 18088 5xlarge 8
17954 18073 xlarge 0
17955 18072 2xlarge 9
17976 18071 3xlarge 5
17996 18103 medium 0
17998 18067 4xlarge 0
18035 18239 small 7
18043 18190 2xlarge 3
18064 18596 6xlarge 7
18114 18529 xlarge 2
18163 18330 5xlarge 1
18166 18326 medium 7
18194 18294 3xlarge 5
18225 18526 3xlarge 3
18231 18278 5xlarge 8
18235 18297 medium 3
18278 18391 3xlarge 0
18284 18467 5xlarge 5
18301 18452 2xlarge 8
18318 18430 4xlarge 5
18344 18544 tiny 2
18346 18587 6xlarge 4
18352 18406 6xlarge 6
18357 18465 medium 6
18359 18591 2xlarge 6
18539 18886 medium 7
18643 19740 2xlarge 7
18647 18773 3xlarge 3
18648 18829 xlarge 8
18660 18804 medium 2
18687 18788 6xlarge 3
18691 18945 5xlarge 1
18695 18765 tiny 1
18695 18763 small 9
18704 18826 medium 4
18714 18778 small 7
18714 18752 2xlarge 3
18719 19236 4xlarge 5
18806 19165 medium 3
18813 18879 tiny 3
18830 18929 5xlarge 2
18837 18916 large 8
18941 20258 large 7
19005 19478 2xlarge 6
19008 19152 large 2
19010 19315 xlarge 2
19011 19130 tiny 9
19016 19594 3xlarge 3
19017 19171 6xlarge 9
19019 19178 6xlarge 0
19022 19129 large 1
19022 19148 5xlarge 7
19023 19163 xlarge 1
19023 19266 6xlarge 7
19026 19149 6xlarge 6
19044 19148 5xlarge 5
19046 19131 medium 6
19055 19167 3xlarge 0
19057 19157 2xlarge 8
19067 19231 6xlarge 4
19071 19122 xlarge 4
19115 20033 medium 7
19177 19302 5xlarge 1
19381 19529 6xlarge 7
19386 19517 medium 3
19402 19528 6xlarge 4
19426 19503 xlarge 2
19526 20732 2xlarge 4
19636 19754 small 9
19640 20509 4xlarge 5
19651 19770 medium 4
19671 19725 xlarge 8
19713 19960 5xlarge 1
19790 19985 3xlarge 3
19855 19994 tiny 1
19881 19972 medium 2
19892 19999 medium 3
19916 20272 2xlarge 7
19953 20078 5xlarge 9
20016 20093 3xlarge 8
20075 20273 xlarge 2
20075 20214 6xlarge 7
20079 20191 medium 4
20086 20587 5xlarge 1
20096 20271 xlarge 8
20109 20498 2xlarge 6
20121 20867 medium 7
20157 20484 3xlarge 3
20159 20277 small 9
20206 20388 6xlarge 4
20214 23929 4xlarge 1
20272 20347 5xlarge 8
20432 21760 2xlarge 7
20433 20692 large 7
20455 20555 4xlarge 3
20460 20698 small 7
20465 20565 small 1
20465 20552 3xlarge 2
20480 20754 2xlarge 3
20517 20624 large 0
20517 20559 5xlarge 3
20553 20691 5xlarge 8
20570 20709 xlarge 3
20584 20933 3xlarge 3
20620 20687 3xlarge 5
20637 20739 2xlarge 9
20813 20988 medium 3
20815 20947 6xlarge 4
20838 20922 2xlarge 6
20844 20927 5xlarge 8
20953 21087 small 7
20954 21220 medium 7
20954 21340 2xlarge 4
20958 21233 4xlarge 5
20966 21073 2xlarge 3
21042 21180 5xlarge 1
21067 21230 2xlarge 6
21098 21159 3xlarge 3
21158 21281 3xlarge 5
21180 21292 6xlarge 7
21221 21680 large 7
21221 21355 5xlarge 8
21223 21328 xlarge 2
21272 21440 2xlarge 8
21279 21474 3xlarge 0
21281 21402 6xlarge 6
21282 21438 5xlarge 5
21284 21472 small 9
21290 21576 2xlarge 3
21291 21443 6xlarge 4
21294 21438 medium 6
21300 21458 4xlarge 3
21305 21581 small 7
21311 21445 large 0
21321 21457 2xlarge 6
21336 21477 xlarge 8
21342 21443 medium 4
21350 21466 3xlarge 3
21351 21395 5xlarge 3
21357 21403 3xlarge 2
21398 22492 2xlarge 4
21436 21544 medium 7
21466 21633 4xlarge 5
21515 21690 5xlarge 9
21523 21677 3xlarge 8
21528 21708 5xlarge 4
21561 21641 medium 3
21562 21705 tiny 3
21583 21646 large 9
21660 21753 medium 4
21676 21798 small 9
21684 21958 3xlarge 3
21715 21821 xlarge 8
21720 21899 2xlarge 6
21780 21955 3xlarge 0
21786 22171 medium 7
21789 21907 small 6
21800 21925 5xlarge 5
21805 21874 6xlarge 6
21816 22525 4xlarge 5
21822 21940 6xlarge 4
21823 21956 medium 6
21827 22794 large 7
21828 21953 2xlarge 8
21930 22012 xlarge 2
21937 22068 6xlarge 7
21997 22117 5xlarge 7
22002 22125 large 1
22041 22142 tiny 4
22045 22166 6xlarge 9
22053 22164 3xlarge 3
22065 22179 5xlarge 1
22070 22123 3xlarge 6
22073 22117 2xlarge 5
22118 22401 small 5
22122 22433 tiny 3
22130 22285 tiny 2
22137 22286 medium 4
22141 22427 large 8
22141 22403 5xlarge 0
22143 22266 small 9
22145 22303 6xlarge 7
22155 22287 xlarge 8
22156 22305 tiny 8
22161 22356 4xlarge 2
22163 22242 5xlarge 8
22165 22244 3xlarge 5
22167 22267 2xlarge 7
22178 22360 medium 3
22183 22434 5xlarge 2
22191 22251 xlarge 2
22238 22427 5xlarge 1
22240 22674 3xlarge 3
22242 22661 medium 7
22288 22364 small 7
22295 22411 2xlarge 3
22306 22411 6xlarge 4
22312 22384 2xlarge 6
22354 22513 6xlarge 9
22369 22495 3xlarge 6
22403 22545 2xlarge 5
22420 22558 large 1
22424 22497 5xlarge 7
22435 22539 tiny 4
22435 22476 3xlarge 8
22498 22647 2xlarge 6
22504 22650 6xlarge 4
22623 22711 2xlarge 4
22627 22772 4xlarge 5
22680 22722 xlarge 2
22715 22839 5xlarge 7
22717 23252 medium 7
22730 22862 2xlarge 5
22735 22918 3xlarge 3
22736 22844 tiny 4
22751 22903 6xlarge 4
22772 22869 3xlarge 6
22775 22875 6xlarge 9
22779 22903 2xlarge 6
22781 22833 large 1
22781 22897 3xlarge 4
22784 22994 5xlarge 8
22793 23559 2xlarge 7
22795 22897 3xlarge 1
22796 22976 3xlarge 5
22833 22991 3xlarge 7
22854 22996 5xlarge 2
22859 23004 tiny 8
22874 23388 large 7
22879 23011 xlarge 2
22885 23027 xlarge 8
22889 23022 tiny 2
22891 23095 4xlarge 5
22892 23018 6xlarge 7
22893 23502 2xlarge 4
22895 23002 medium 9
22910 22980 tiny 3
22910 23027 large 8
22917 22997 small 9
22917 23005 medium 4
22920 23005 medium 3
23017 23157 medium 2
23017 23256 3xlarge 3
23019 23110 5xlarge 1
23028 23100 tiny 1
23096 23225 6xlarge 9
23097 23214 3xlarge 6
23114 23251 5xlarge 7
23123 23262 tiny 2
23130 23384 6xlarge 7
23138 23313 xlarge 2
23152 23273 large 1
23202 23496 4xlarge 5
23434 23630 3xlarge 7
23435 23603 tiny 8
23438 23625 tiny 6
23439 23977 6xlarge 7
23441 23747 tiny 2
23446 23598 5xlarge 1
23479 24197 large 7
23482 23583 4xlarge 8
23492 23859 medium 7
23498 23997 xlarge 2
23503 23599 medium 9
23559 24065 2xlarge 4
23564 23859 3xlarge 5
23591 23835 6xlarge 4
23603 23948 3xlarge 3
23612 23858 5xlarge 8
23634 23806 2xlarge 6
23636 23831 4xlarge 5
23672 24529 2xlarge 7
23672 23814 3xlarge 0
23678 23791 medium 3
23680 23878 large 0
23682 23864 2xlarge 3
23684 23806 medium 6
23685 23859 6xlarge 0
23703 23800 6xlarge 6
23704 23814 4xlarge 3
23707 23801 xlarge 1
23710 23802 tiny 1
23710 23798 medium 2
23710 23843 xlarge 4
23714 23872 3xlarge 2
23718 23794 2xlarge 8
23722 23875 small 7
23732 23844 small 1
23739 23820 5xlarge 5
23741 23834 5xlarge 1
23750 23851 large 2
23751 23823 tiny 3
23752 23814 tiny 9
23758 23846 5xlarge 3
23951 24031 5xlarge 1
23954 25897 medium 7
23964 24119 4xlarge 5
24064 24209 large 8
24089 24329 small 7
24103 24168 5xlarge 2
24104 24190 medium 3
24106 24222 4xlarge 1
24108 24207 tiny 3
24108 24220 small 5
24111 24303 2xlarge 3
24166 24561 4xlarge 5
24179 24407 6xlarge 4
24180 24457 2xlarge 6
24194 24652 2xlarge 4
24201 24667 3xlarge 3
24305 29736 4xlarge 1
24459 24710 5xlarge 1
24480 24667 large 7
24512 24717 2xlarge 6
24685 28181 2xlarge 7
24759 25181 xlarge 2
24768 25149 large 7
24773 25131 4xlarge 5
24775 25000 tiny 3
24780 25045 medium 3
24799 25179 2xlarge 4
24826 24883 3xlarge 3
24873 25067 5xlarge 2
24886 25051 large 8
24894 25058 6xlarge 7
24999 25189 large 9
25006 25177 medium 4
25015 25182 5xlarge 9
25032 25131 3xlarge 8
25035 25143 small 0
25039 25156 small 2
25041 25127 5xlarge 4
25044 25179 3xlarge 3
25050 25118 small 9
25056 25385 5xlarge 1
25057 25178 5xlarge 8
25078 25187 3xlarge 5
25079 25177 xlarge 8
25118 25311 small 7
25121 25297 large 0
25127 25293 4xlarge 3
25130 25287 6xlarge 1
25143 25363 medium 3
25148 25244 tiny 3
25176 25247 small 1
25184 25273 2xlarge 3
25196 25266 5xlarge 3
25197 25270 3xlarge 2
25239 26015 4xlarge 5
25246 25960 2xlarge 4
25299 25596 large 7
25358 25520 large 1
25381 25546 6xlarge 9
25386 25526 3xlarge 3
25388 25500 5xlarge 7
25406 25547 2xlarge 5
25406 25550 3xlarge 6
25433 25501 tiny 4
25478 25628 3xlarge 2
25485 25607 small 7
25485 25657 6xlarge 1
25501 25669 xlarge 2
25507 25848 5xlarge 1
25508 25666 2xlarge 3
25508 25621 6xlarge 2
25521 25678 small 1
25532 25616 5xlarge 3
25538 25637 4xlarge 3
25557 25676 large 0
25594 25732 medium 1
25595 25782 tiny 4
25608 25716 medium 3
25610 25711 small 4
25614 25719 3xlarge 1
25624 25796 5xlarge 7
25629 25777 3xlarge 4
25631 25745 6xlarge 9
25633 25730 tiny 3
25643 25768 3xlarge 6
25665 25778 2xlarge 0
25677 25734 large 1
25680 25739 2xlarge 5
25721 25991 6xlarge 4
25723 25906 3xlarge 7
25725 26229 xlarge 2
25736 26028 2xlarge 6
25743 25837 5xlarge 9
25746 25903 6xlarge 7
25754 25851 xlarge 9
25755 25872 tiny 2
25759 25851 3xlarge 8
25763 25899 tiny 8
25767 25837 tiny 6
25769 25897 4xlarge 8
25783 26193 3xlarge 3
25791 25876 medium 9
25791 26278 large 7
25791 25868 large 9
25792 25860 5xlarge 4
25833 26001 medium 3
25964 26268 6xlarge 7
25994 26959 medium 7
26106 26209 tiny 2
26122 26258 2xlarge 4
26125 26215 5xlarge 1
26207 26375 5xlarge 2
26209 26343 small 7
26221 26321 medium 3
26224 26375 3xlarge 2
26234 26387 2xlarge 3
26238 26356 5xlarge 3
26272 26367 tiny 3
26318 26457 xlarge 2
26327 26958 2xlarge 4
26330 26700 large 7
26334 26804 4xlarge 5
26348 26455 tiny 2
26381 26488 6xlarge 7
26389 26454 5xlarge 1
26436 26589 tiny 4
26443 26572 medium 4
26443 26607 xlarge 8
26448 26572 large 1
26457 26563 5xlarge 7
26464 26557 3xlarge 6
26479 26611 6xlarge 9
26483 26562 small 9
26484 26674 3xlarge 5
26490 26581 2xlarge 5
26496 26950 5xlarge 8
26552 26979 3xlarge 3
26576 26704 tiny 1
26576 26737 medium 2
26583 26684 6xlarge 3
26588 26735 3xlarge 9
26597 26703 small 8
26598 26850 6xlarge 4
26600 26713 6xlarge 5
26629 26724 5xlarge 1
26635 26830 2xlarge 6
26793 26949 6xlarge 9
26798 26952 tiny 4
26801 26924 3xlarge 1
26806 26919 2xlarge 0
26808 26916 3xlarge 4
26819 26924 3xlarge 6
26821 26937 5xlarge 7
26834 26944 3xlarge 5
26843 26933 large 1
26857 27160 large 7
26865 26925 2xlarge 5
26924 27108 tiny 3
26934 27074 small 7
26947 27079 tiny 2
26956 27033 medium 3
26958 27031 xlarge 2
26976 27068 6xlarge 7
26990 27072 2xlarge 3
27052 27344 2xlarge 4
27096 27185 medium 7
27185 27354 tiny 4
27185 27280 3xlarge 1
27191 27331 3xlarge 6
27193 27321 2xlarge 5
27193 27338 6xlarge 9
27195 27273 large 1
27198 27316 3xlarge 4
27200 27342 5xlarge 7
27228 27325 2xlarge 0
27298 28003 large 7
27311 27468 small 7
27325 27817 medium 7
27340 27411 5xlarge 8
27345 27470 5xlarge 1
27358 27470 2xlarge 3
27400 27956 2xlarge 4
27401 27579 5xlarge 7
27407 27640 medium 3
27425 27522 3xlarge 3
27437 27553 xlarge 2
27454 27586 6xlarge 7
27457 27678 4xlarge 5
27477 27592 2xlarge 6
27479 27555 large 1
27517 27666 small 6
27545 27663 small 5
27548 27646 large 8
27550 27645 tiny 3
27561 27685 5xlarge 2
27663 27947 2xlarge 6
27673 27839 5xlarge 1
27700 28002 3xlarge 3
27715 27775 6xlarge 4
27767 27994 3xlarge 5
27775 27959 xlarge 0
27786 27876 6xlarge 7
27788 27891 medium 0
27803 27955 xlarge 6
27806 27933 4xlarge 0
27809 28139 medium 3
27810 28051 5xlarge 8
27812 27952 xlarge 3
27814 27880 xlarge 2
27820 27898 2xlarge 9
27835 27958 2xlarge 1
27874 28031 small 5
27899 28030 large 8
27905 28009 tiny 3
27906 28055 medium 7
27942 28006 5xlarge 2
28112 28313 large 4
28117 29504 large 7
28124 28248 4xlarge 4
28134 28272 6xlarge 7
28138 28261 5xlarge 1
28143 28513 4xlarge 5
28147 28258 medium 7
28149 28238 3xlarge 8
28158 28242 4xlarge 9
28165 28275 xlarge 2
28170 28549 2xlarge 4
28197 28239 small 6
28266 28478 medium 3
28299 28420 tiny 3
28358 28531 small 7
28361 28512 medium 7
28363 28482 3xlarge 2
28371 28889 3xlarge 3
28389 28479 2xlarge 7
28432 28522 2xlarge 3
28472 28899 2xlarge 6
28525 28638 6xlarge 4
28536 28595 6xlarge 7
28542 28626 xlarge 2
28592 28716 large 1
28609 28770 xlarge 6
28610 29000 2xlarge 7
28619 28760 5xlarge 8
28621 28789 5xlarge 1
28627 28786 3xlarge 5
28627 28751 5xlarge 7
28635 28911 medium 7
28635 28728 2xlarge 5
28637 28730 6xlarge 9
28645 28719 xlarge 3
28670 28719 2xlarge 9
28674 28791 3xlarge 6
28713 28840 5xlarge 9
28724 28871 6xlarge 4
28742 28888 4xlarge 5
28745 28851 5xlarge 4
28775 28909 3xlarge 8
28785 28864 large 9
28791 29731 2xlarge 4
28853 29013 2xlarge 3
28887 29007 medium 3
28907 28976 small 7
28975 29135 3xlarge 8
28984 29628 4xlarge 5
28987 29195 medium 7
29037 29087 5xlarge 9
29082 29204 5xlarge 1
29124 29321 2xlarge 7
29137 29601 3xlarge 3
29204 29351 xlarge 2
29217 29382 5xlarge 9
29234 29355 large 9
29248 29318 5xlarge 4
29257 29315 6xlarge 7
29261 29387 3xlarge 8
29319 29463 large 1
29333 29469 5xlarge 7
29380 29487 medium 7
29397 29447 medium 3
29444 29808 2xlarge 7
29489 29607 3xlarge 8
29553 29752 5xlarge 7
29580 29684 5xlarge 2
29603 29710 tiny 3
29604 29755 large 8
29616 29691 large 1
29618 30091 large 7
29619 29712 medium 3
29625 31015 medium 7
29631 29671 small 5
29632 29732 6xlarge 9
29707 29828 3xlarge 3
29729 29794 xlarge 2
29796 30075 medium 3
29796 29913 4xlarge 2
29802 29946 5xlarge 2
29806 30173 2xlarge 4
29819 29922 2xlarge 3
29820 29989 small 7
29821 30236 4xlarge 5
29822 29935 large 8
29828 29927 small 5
29834 32614 4xlarge 1
29858 30087 5xlarge 1
29867 29959 5xlarge 0
29873 29913 tiny 3
29927 30098 medium 2
29938 30073 6xlarge 7
29970 30069 tiny 1
29973 30088 xlarge 2
29994 31314 2xlarge 7
30034 30209 3xlarge 5
30071 30237 5xlarge 8
30184 31278 large 7
30205 30832 5xlarge 1
30274 30413 small 7
30283 31047 2xlarge 4
30287 30597 xlarge 2
30330 30636 4xlarge 5
30331 30429 6xlarge 7
30352 30478 2xlarge 3
30393 30542 xlarge 8
30424 30568 medium 4
30714 30915 3xlarge 3
30757 30935 large 4
30760 30891 4xlarge 9
30777 30872 4xlarge 4
30790 30958 3xlarge 5
30827 30953 small 6
30828 30923 5xlarge 8
30998 31171 xlarge 2
31005 31249 2xlarge 3
31017 31142 6xlarge 7
31076 31262 small 7
31115 31675 2xlarge 4
31122 31248 3xlarge 3
31137 31272 6xlarge 4
31162 31356 4xlarge 5
31167 31278 2xlarge 6
31359 31542 large 1
31363 31493 6xlarge 9
31364 31508 5xlarge 7
31372 31534 large 0
31391 31985 large 7
31396 31536 3xlarge 2
31401 31508 small 7
31419 31510 5xlarge 3
31427 31519 4xlarge 3
31434 31516 2xlarge 3
31487 31603 5xlarge 1
31495 31654 small 8
31497 31645 xlarge 8
31501 31670 6xlarge 3
31521 31610 medium 4
31530 31596 tiny 1
31530 31655 medium 2
31537 32690 2xlarge 7
31540 31797 medium 7
31543 31604 3xlarge 9
31599 31788 medium 3
31634 31765 3xlarge 3
31640 31732 tiny 3
31650 31713 2xlarge 6
31668 31729 6xlarge 4
31768 32804 2xlarge 4
31779 32279 4xlarge 5
31867 31980 3xlarge 6
31880 31987 6xlarge 9
31885 31994 5xlarge 7
31899 32024 xlarge 2
31909 31989 large 1
31915 32013 6xlarge 7
31965 32245 5xlarge 1
31969 32144 3xlarge 5
31982 32072 medium 4
31987 32126 small 9
31988 32133 xlarge 3
31993 32133 xlarge 8
31995 32132 2xlarge 9
31997 32111 xlarge 6
32006 32138 5xlarge 8
32015 35368 medium 7
32024 32142 2xlarge 1
32072 32209 tiny 2
32084 32243 tiny 8
32087 32381 6xlarge 9
32109 32229 3xlarge 6
32115 32232 medium 2
32118 32278 large 7
32119 32257 medium 9
32125 32370 5xlarge 7
32129 32265 xlarge 2
32139 32399 large 1
32142 32198 3xlarge 7
32146 32232 tiny 1
32155 32263 3xlarge 3
32155 32193 6xlarge 7
32192 32326 xlarge 8
32206 32336 large 8
32212 32335 small 9
32237 32391 medium 3
32249 32381 small 5
32267 32311 medium 4
32268 32348 tiny 3
32276 32396 5xlarge 2
32314 32453 3xlarge 3
32320 32486 4xlarge 5
32366 32856 xlarge 2
32396 32944 large 7
32446 32603 tiny 2
32450 32808 6xlarge 7
32572 32846 3xlarge 3
32589 32690 2xlarge 6
32617 32795 4xlarge 5
32713 35929 4xlarge 1
32752 33112 5xlarge 1
32853 33074 2xlarge 7
32854 33058 tiny 1
32919 33299 4xlarge 5
32927 33090 3xlarge 5
32936 33100 medium 2
32963 33116 6xlarge 3
32972 33055 5xlarge 8
32997 34860 2xlarge 4
32999 33039 small 6
33047 33217 tiny 3
33051 33161 5xlarge 2
33060 33202 medium 3
33096 33208 large 8
33096 33339 xlarge 2
33113 33287 large 7
33157 33351 large 0
33175 33447 5xlarge 1
33176 33304 3xlarge 2
33177 34794 2xlarge 7
33191 33350 2xlarge 3
33199 33324 4xlarge 3
33200 33301 6xlarge 7
33230 33351 5xlarge 3
33240 33354 small 7
33274 33416 xlarge 3
33287 33452 5xlarge 8
33297 33427 3xlarge 5
33329 33439 2xlarge 9
33396 34079 4xlarge 5
33397 33522 5xlarge 4
33402 33587 5xlarge 9
33404 33943 3xlarge 3
33407 33593 3xlarge 8
33411 33582 small 0
33413 33551 large 7
33415 33593 large 9
33517 33826 medium 4
33525 33713 3xlarge 6
33527 33820 xlarge 8
33534 33796 5xlarge 8
33536 33691 medium 3
33540 33668 5xlarge 7
33542 33672 6xlarge 9
33547 33647 2xlarge 5
33552 33652 tiny 4
33564 33678 large 1
33579 33704 tiny 3
33595 33823 3xlarge 5
33600 33762 small 9
33640 33948 6xlarge 4
33678 33886 2xlarge 6
33695 33839 large 7
33755 33953 5xlarge 5
33756 33920 medium 6
33779 33871 2xlarge 8
33811 33932 3xlarge 0
33812 33882 6xlarge 6
33873 34052 6xlarge 7
33887 34039 xlarge 2
33894 34072 2xlarge 3
33898 34027 5xlarge 1
33903 34059 3xlarge 5
33928 33994 5xlarge 8
33949 34071 large 7
33958 34047 small 7
33996 34157 medium 4
34001 34181 5xlarge 5
34013 34173 6xlarge 6
34014 34166 large 2
34017 34116 xlarge 1
34018 34127 2xlarge 6
34020 34125 6xlarge 0
34024 34197 xlarge 8
34027 34158 3xlarge 3
34047 34139 6xlarge 4
34054 34163 xlarge 4
34058 34137 tiny 9
34062 34193 2xlarge 8
34063 34128 3xlarge 0
34065 34164 medium 6
34065 34128 6xlarge 8
34128 34505 large 7
34164 34409 5xlarge 1
34191 34595 4xlarge 5
34251 34399 6xlarge 7
34305 34511 xlarge 2
34314 34417 tiny 2
34369 35036 3xlarge 3
34371 34726 6xlarge 4
34378 34742 2xlarge 6
34381 34624 2xlarge 3
34427 34638 small 7
34473 34605 2xlarge 8
34476 34679 3xlarge 0
34482 34668 tiny 9
34501 34678 6xlarge 0
34510 34634 medium 6
34511 34631 5xlarge 1
34519 34592 5xlarge 5
34519 34600 6xlarge 8
34535 34641 xlarge 4
34538 34640 xlarge 1
34543 34602 large 2
34552 34654 6xlarge 6
34558 34601 5xlarge 7
34634 34871 medium 3
34655 35197 large 7
34721 34886 tiny 3
34878 34990 5xlarge 7
34881 35098 xlarge 8
34899 35086 2xlarge 7
34908 35116 small 9
34914 35125 medium 4
35010 35109 tiny 1
35012 35099 5xlarge 1
35036 35075 2xlarge 4
35080 35195 6xlarge 4
35099 35198 xlarge 2
35100 35396 3xlarge 3
35101 35333 small 7
35101 35275 6xlarge 7
35113 35202 tiny 3
35116 35235 medium 3
35138 35398 2xlarge 3
35145 35196 2xlarge 6
35212 35496 4xlarge 5
35234 37967 2xlarge 4
35262 35371 5xlarge 7
35314 35483 medium 3
35314 35712 2xlarge 7
35322 35971 large 7
35343 35467 large 8
35345 35516 5xlarge 2
35354 35486 tiny 3
35443 35574 3xlarge 2
35451 35637 5xlarge 8
35476 35578 2xlarge 3
35500 35597 medium 7
35504 35596 5xlarge 1
35515 35672 xlarge 2
35515 35636 3xlarge 5
35516 35565 small 7
35518 35674 6xlarge 7
35552 35757 large 9
35554 35757 small 2
35559 35754 3xlarge 8
35560 35742 large 8
35577 35755 tiny 3
35585 35695 medium 3
35586 35691 5xlarge 9
35589 35743 5xlarge 4
35593 35717 5xlarge 0
35596 35688 small 0
35603 35704 5xlarge 2
35612 35683 tiny 2
35617 35750 small 5
35620 35691 4xlarge 5
35639 35673 4xlarge 2
35806 36040 small 7
35810 36112 2xlarge 3
35812 35995 6xlarge 9
35822 38208 medium 7
35839 36112 5xlarge 7
35850 35970 3xlarge 6
35879 35944 large 1
35931 36154 5xlarge 1
35968 36774 4xlarge 5
35986 36154 2xlarge 7
36062 36193 3xlarge 8
36065 36212 5xlarge 9
36085 36355 tiny 3
36086 36173 tiny 1
36087 36320 medium 3
36110 41677 4xlarge 1
36167 36338 2xlarge 6
36187 36322 5xlarge 7
36194 36333 3xlarge 3
36227 36290 6xlarge 4
36236 36282 5xlarge 5
36283 36422 medium 4
36286 36452 2xlarge 3
36287 36394 5xlarge 8
36303 36423 small 7
36323 36432 2xlarge 7
36326 36431 xlarge 8
36338 36444 small 9
36354 36469 3xlarge 5
36409 36536 xlarge 2
36428 36587 large 7
36431 36549 tiny 2
36441 36542 6xlarge 7
36449 36531 medium 9
36466 36543 tiny 8
36466 36533 3xlarge 3
36472 36539 3xlarge 7
36474 36558 tiny 6
36520 36653 6xlarge 9
36562 36709 large 1
36583 36696 5xlarge 7
36635 36838 small 6
36672 37372 2xlarge 7
36673 36769 large 4
36674 36780 4xlarge 4
36687 36766 4xlarge 9
36696 36875 6xlarge 4
36702 37294 large 7
36706 36943 3xlarge 3
36720 36892 2xlarge 6
36752 36890 2xlarge 9
36753 37061 5xlarge 2
36764 36993 medium 3
36772 37165 small 7
36774 36944 3xlarge 5
36777 36996 large 8
36782 37057 tiny 3
36793 36925 5xlarge 8
36797 36936 xlarge 2
36797 36895 5xlarge 1
36798 37115 2xlarge 3
36826 36883 xlarge 3
36836 36874 small 5
36940 37199 4xlarge 5
37026 37283 5xlarge 1
37053 37289 xlarge 2
37068 37280 6xlarge 7
37072 37111 tiny 1
37148 37251 3xlarge 5
37171 37277 xlarge 3
37176 37308 2xlarge 9
37179 37297 tiny 2
37183 37248 5xlarge 8
37232 37404 small 6
37233 37480 large 2
37233 37358 3xlarge 1
37235 37605 6xlarge 4
37237 37506 large 1
37242 37486 3xlarge 6
37248 37674 5xlarge 5
37248 37437 6xlarge 8
37248 37521 6xlarge 9
37251 37603 3xlarge 0
37253 37427 3xlarge 4
37254 37658 2xlarge 6
37255 37354 4xlarge 4
37262 37434 large 4
37266 37494 xlarge 4
37275 37641 tiny 9
37276 37667 6xlarge 6
37277 37405 tiny 4
37280 37625 6xlarge 0
37283 37621 2xlarge 8
37284 37404 4xlarge 9
37286 37431 5xlarge 2
37288 37758 medium 3
37288 37502 5xlarge 7
37291 37641 3xlarge 3
37295 37429 xlarge 1
37297 37400 large 8
37298 37361 4xlarge 5
37303 37633 medium 6
37305 37757 tiny 3
37313 37503 2xlarge 5
37406 37629 small 7
37419 38147 large 7
37433 37515 2xlarge 3
37472 37751 large 8
37473 37799 4xlarge 2
37490 37725 5xlarge 2
37522 37635 5xlarge 0
37524 37733 small 5
37529 38028 4xlarge 5
37609 37719 xlarge 2
37620 38690 2xlarge 7
37625 37735 5xlarge 8
37648 37748 xlarge 3
37653 37799 3xlarge 5
37665 37741 6xlarge 7
37672 37756 5xlarge 1
37680 37738 2xlarge 9
37730 37915 3xlarge 8
37746 37836 3xlarge 3
37749 37840 5xlarge 9
37750 37882 5xlarge 4
37754 37891 small 7
37754 37902 large 9
37774 37881 2xlarge 3
37836 38017 3xlarge 6
37849 37953 large 1
37864 37959 medium 5
37871 38018 6xlarge 5
37872 38127 xlarge 2
37874 38027 medium 2
37880 38016 5xlarge 7
37886 38003 tiny 1
37886 37991 small 8
37898 38129 5xlarge 1
37898 37980 6xlarge 3
37899 37991 6xlarge 9
37918 38016 3xlarge 9
37961 38100 small 7
37975 38152 3xlarge 5
37977 38090 medium 4
37987 38150 5xlarge 8
37993 38127 xlarge 8
38006 38121 6xlarge 7
38018 38219 3xlarge 3
38026 38155 2xlarge 3
38029 38123 xlarge 3
38034 38150 small 9
38036 38143 2xlarge 9
38076 39151 2xlarge 4
38194 38323 2xlarge 3
38225 38328 3xlarge 5
38237 38383 5xlarge 8
38255 38390 3xlarge 2
38258 38976 4xlarge 5
38278 38327 small 7
38317 38461 large 8
38322 38454 medium 3
38325 38440 5xlarge 1
38338 38481 medium 7
38370 38516 tiny 3
38386 38472 5xlarge 2
38475 38847 xlarge 2
38480 38836 large 7
38565 38849 6xlarge 7
38567 38745 medium 3
38580 38876 large 9
38580 38988 3xlarge 3
38593 38857 5xlarge 4
38605 38841 3xlarge 8
38636 38718 medium 7
38636 38807 5xlarge 9
38691 38791 small 7
38716 38879 small 0
38746 38873 2xlarge 3
38820 39037 5xlarge 1
38826 38988 2xlarge 9
38832 39113 2xlarge 7
38843 38962 5xlarge 8
38869 39069 medium 7
38872 38980 xlarge 3
38877 38958 3xlarge 5
38960 39472 large 7
38966 39201 xlarge 2
38983 39224 6xlarge 7
39071 39332 medium 3
39076 39202 tiny 2
39097 39286 tiny 3
39105 39165 4xlarge 5
39212 39673 medium 7
39272 39687 2xlarge 7
39272 39673 5xlarge 1
39277 39420 3xlarge 8
39282 39425 6xlarge 3
39321 39394 medium 2
39336 39467 tiny 1
39337 39400 5xlarge 9
39342 39426 4xlarge 5
39357 40130 2xlarge 4
39403 39595 5xlarge 7
39416 41000 3xlarge 3
39420 39511 3xlarge 6
39425 39547 2xlarge 5
39450 39544 large 1
39455 39519 6xlarge 9
39459 39568 tiny 4
39516 39697 3xlarge 5
39518 39713 medium 0
39518 39664 xlarge 2
39539 39653 medium 3
39544 39700 5xlarge 8
39551 39680 xlarge 6
39564 39697 2xlarge 1
39575 39710 2xlarge 9
39582 39936 large 7
39587 39706 6xlarge 7
39589 39694 tiny 2
39595 39708 xlarge 3
39636 39822 5xlarge 3
39643 39816 2xlarge 3
39645 39768 4xlarge 3
39649 39765 small 7
39652 39778 4xlarge 5
39670 39798 large 0
39678 39781 3xlarge 2
39768 39944 medium 7
39769 40025 medium 3
39791 39951 5xlarge 1
39818 39996 tiny 3
39821 40250 2xlarge 7
39877 40053 large 8
39888 40011 3xlarge 5
39891 40136 2xlarge 6
39911 40045 small 6
39920 40011 5xlarge 8
39921 40141 6xlarge 4
39932 40048 5xlarge 2
39997 40237 large 7
40002 40146 small 9
40002 40195 xlarge 8
40024 40118 medium 4
40027 40174 5xlarge 1
40062 40182 5xlarge 5
40077 41581 medium 7
40123 40271 medium 3
40167 40268 tiny 3
40241 40388 6xlarge 4
40245 40500 4xlarge 5
40258 40391 5xlarge 1
40288 40485 2xlarge 6
40309 40517 2xlarge 4
40360 40482 small 6
40362 40559 large 3
40374 40547 large 5
40384 40552 5xlarge 8
40385 40499 large 4
40389 40544 5xlarge 9
40394 41192 large 7
40396 40486 medium 8
40402 40489 4xlarge 4
40409 40492 xlarge 5
40413 40552 4xlarge 9
40425 40555 3xlarge 8
40436 41343 2xlarge 7
40594 40778 3xlarge 6
40597 40791 6xlarge 9
40603 40789 5xlarge 1
40607 40901 6xlarge 7
40609 40722 5xlarge 7
40616 40799 large 1
40627 40895 xlarge 2
40635 40723 3xlarge 5
40656 41195 2xlarge 4
40658 40715 5xlarge 8
40675 40909 4xlarge 5
40834 41030 6xlarge 3
40840 40965 tiny 3
40841 41116 small 7
40858 40991 medium 3
40862 40987 medium 2
40877 41014 6xlarge 6
40881 40985 6xlarge 4
40886 40995 small 5
40887 40999 2xlarge 8
40891 41013 5xlarge 2
40896 40981 2xlarge 6
40897 40990 tiny 1
40907 40995 5xlarge 5
40908 40980 5xlarge 1
40911 41143 2xlarge 3
40911 40970 3xlarge 0
40912 40971 medium 6
40916 40989 large 8
40964 41259 4xlarge 5
41024 41078 small 6
41092 41210 3xlarge 3
41098 41201 6xlarge 7
41158 41192 xlarge 2
41317 41876 2xlarge 4
41317 41468 3xlarge 5
41320 41459 4xlarge 4
41329 41490 5xlarge 8
41330 41464 medium 8
41331 41710 xlarge 2
41332 41480 small 6
41352 41946 large 7
41376 41439 4xlarge 9
41398 41512 large 4
41439 41798 2xlarge 7
41440 41599 5xlarge 1
41444 41637 5xlarge 7
41483 41716 6xlarge 7
41517 41875 4xlarge 5
41553 41698 5xlarge 0
41559 41745 2xlarge 6
41562 41681 large 8
41566 41738 large 3
41575 41723 5xlarge 2
41585 41672 3xlarge 3
41588 41680 small 5
41589 41756 tiny 3
41609 41736 small 6
41611 41701 4xlarge 9
41621 41699 medium 8
41622 41721 medium 3
41622 41715 4xlarge 2
41627 41714 6xlarge 4
41636 41718 large 4
41640 41733 4xlarge 4
41684 43597 medium 7
41716 41831 5xlarge 8
41744 41800 3xlarge 5
41802 41936 large 8
41808 41962 5xlarge 2
41810 41985 2xlarge 6
41812 41964 3xlarge 3
41822 41942 tiny 3
41835 41970 small 5
41850 41992 5xlarge 1
41851 41951 6xlarge 4
41871 41935 medium 3
41872 47577 4xlarge 1
41940 42152 2xlarge 7
41962 42069 medium 4
41966 42102 xlarge 8
41980 42107 4xlarge 5
41982 42086 small 9
41990 42231 2xlarge 4
42035 42176 5xlarge 7
42036 42206 5xlarge 1
42037 42162 6xlarge 7
42052 42204 6xlarge 9
42066 42197 large 1
42070 42157 3xlarge 6
42079 42186 xlarge 2
42089 42184 3xlarge 3
42102 42211 tiny 8
42116 42197 tiny 2
42116 43151 large 7
42154 42524 medium 3
42168 42283 5xlarge 8
42178 42309 large 8
42214 42279 tiny 3
42226 42338 3xlarge 5
42237 42336 5xlarge 2
42274 43715 2xlarge 7
42354 44096 2xlarge 4
42360 42578 4xlarge 5
42412 42531 4xlarge 2
42421 42531 small 5
42434 42567 large 8
42437 42536 5xlarge 2
42468 42518 6xlarge 7
42474 42561 tiny 3
42477 42511 5xlarge 0
42480 42521 xlarge 2
42662 43037 4xlarge 5
42666 42824 large 8
42667 42808 5xlarge 7
42674 42786 tiny 3
42679 42823 medium 3
42699 42769 small 5
42701 42761 large 1
42708 42797 3xlarge 8
42710 42806 5xlarge 2
42716 42788 5xlarge 9
42767 42942 3xlarge 3
42784 42923 2xlarge 6
42796 42947 xlarge 8
42809 42918 small 9
42821 42921 6xlarge 4
42829 42925 medium 4
43038 43157 tiny 2
43042 43117 6xlarge 7
43045 43138 xlarge 2
43051 43482 3xlarge 3
43055 43259 5xlarge 1
43058 43192 medium 3
43114 43300 large 1
43114 43235 3xlarge 6
43127 43280 2xlarge 0
43134 43267 5xlarge 8
43142 43253 6xlarge 9
43159 43298 5xlarge 7
43178 43798 4xlarge 5
43186 43273 tiny 4
43187 43253 3xlarge 4
43193 43247 3xlarge 5
43196 43264 3xlarge 1
43199 43258 2xlarge 5
43308 44010 large 7
43370 43497 xlarge 2
43377 43525 3xlarge 5
43408 43529 6xlarge 7
43428 43487 5xlarge 8
43530 43600 5xlarge 1
43631 43720 xlarge 8
43645 43780 small 9
43664 43784 medium 4
43718 43964 xlarge 2
43723 43952 2xlarge 6
43725 43850 3xlarge 5
43730 43860 5xlarge 8
43734 43860 2xlarge 3
43740 43850 3xlarge 2
43757 44158 3xlarge 3
43764 43840 small 7
43771 44024 6xlarge 4
43784 44007 medium 7
43793 43881 5xlarge 1
43838 43984 tiny 2
43840 43984 medium 3
43840 43999 6xlarge 6
43845 44012 xlarge 1
43847 44020 2xlarge 8
43853 44352 2xlarge 7
43858 43998 xlarge 4
43860 44026 5xlarge 7
43861 43969 tiny 9
43868 43981 6xlarge 8
43879 43966 medium 6
43879 44001 large 2
43900 44004 tiny 8
43901 44004 6xlarge 7
43910 43985 5xlarge 5
43911 43990 3xlarge 0
43915 43977 6xlarge 0
44022 44116 4xlarge 5
44077 44207 6xlarge 3
44080 44225 xlarge 6
44088 44191 2xlarge 9
44091 44260 medium 2
44093 44218 medium 0
44094 44201 xlarge 3
44094 44204 3xlarge 5
44098 44209 tiny 1
44103 44207 2xlarge 1
44105 44228 5xlarge 1
44108 44211 4xlarge 0
44111 44353 large 7
44142 44191 5xlarge 8
44149 44195 xlarge 0
44159 44277 medium 7
44199 44639 3xlarge 3
44240 45441 2xlarge 4
44257 44697 4xlarge 5
44372 44737 medium 7
44458 44695 2xlarge 7
44518 44696 5xlarge 1
44580 44727 large 7
44688 44795 5xlarge 7
44689 44791 3xlarge 4
44733 44993 3xlarge 3
44735 44822 3xlarge 6
44741 44863 6xlarge 9
44742 44809 tiny 4
44748 44854 2xlarge 5
44755 44867 large 1
44806 46183 2xlarge 7
44812 44932 medium 3
44824 45316 medium 7
44830 44963 5xlarge 2
44847 45221 large 7
44854 44974 tiny 3
44873 44938 large 8
44912 45057 6xlarge 9
44923 45031 2xlarge 5
44925 45089 large 1
44937 45057 5xlarge 1
44944 45067 3xlarge 4
44952 45105 3xlarge 6
44957 45034 3xlarge 1
44970 45090 tiny 4
44976 45071 5xlarge 7
45032 45415 3xlarge 3
45036 45209 3xlarge 5
45057 45233 5xlarge 8
45064 45178 2xlarge 6
45066 45282 4xlarge 5
45102 45176 6xlarge 4
45155 45330 6xlarge 9
45174 45317 5xlarge 7
45184 45274 5xlarge 1
45227 45292 large 1
45274 45470 6xlarge 4
45289 45454 3xlarge 0
45297 45413 medium 6
45313 45577 large 7
45313 45409 6xlarge 6
45324 45541 xlarge 2
45336 45394 5xlarge 5
45342 45440 2xlarge 8
45360 45470 2xlarge 6
45432 45518 6xlarge 7
45461 46190 medium 7
45532 45717 medium 4
45551 45639 small 9
45554 45669 xlarge 8
45559 45823 5xlarge 1
45638 45766 3xlarge 2
45645 45818 5xlarge 3
45648 45766 4xlarge 3
45650 45920 small 7
45663 45793 large 0
45668 45828 medium 3
45673 45894 2xlarge 3
45688 45766 6xlarge 1
45696 45934 2xlarge 4
45701 45817 tiny 3
45714 45758 small 1
45794 46047 large 7
45815 45997 6xlarge 7
45831 45994 xlarge 2
45992 46280 2xlarge 3
46023 46145 4xlarge 4
46024 46184 large 4
46029 46123 tiny 3
46035 46302 small 7
46039 46136 medium 3
46058 46187 4xlarge 9
46065 49186 2xlarge 4
46071 46122 small 6
46076 46172 5xlarge 1
46115 46412 5xlarge 8
46124 46394 3xlarge 5
46178 46389 3xlarge 3
46232 46426 xlarge 2
46244 46401 tiny 2
46244 46414 medium 3
46244 46421 5xlarge 7
46244 46367 6xlarge 8
46246 46385 tiny 9
46246 46387 6xlarge 4
46247 46429 4xlarge 5
46251 46415 large 1
46257 46385 xlarge 1
46263 46375 large 7
46269 46363 5xlarge 5
46270 46397 3xlarge 6
46272 46388 large 2
46273 46422 xlarge 4
46274 46354 2xlarge 6
46275 47092 medium 7
46286 46385 medium 6
46289 46399 6xlarge 7
46292 46359 2xlarge 8
46294 46381 6xlarge 0
46295 46365 3xlarge 0
46297 46415 5xlarge 9
46298 46365 6xlarge 9
46299 46379 3xlarge 8
46307 46368 6xlarge 6
46382 46548 small 6
46392 47448 2xlarge 7
46508 46605 3xlarge 5
46525 46670 3xlarge 3
46545 46618 5xlarge 8
46549 46898 4xlarge 5
46603 46741 medium 3
46603 46730 xlarge 2
46604 46750 large 9
46609 46763 small 5
46622 46769 5xlarge 2
46623 46961 large 7
46629 46712 6xlarge 7
46631 46778 tiny 3
46637 46757 5xlarge 9
46655 46731 5xlarge 4
46658 46715 3xlarge 8
46669 46768 large 8
46734 46845 5xlarge 8
46748 46879 3xlarge 5
46756 46840 3xlarge 3
46848 46999 5xlarge 7
46891 47038 large 1
46892 46977 6xlarge 9
46956 47108 4xlarge 5
46989 47143 small 6
47128 47257 2xlarge 3
47128 47366 5xlarge 8
47147 47264 small 7
47198 47358 xlarge 3
47205 47349 medium 3
47211 47481 3xlarge 3
47224 47322 3xlarge 5
47226 47382 2xlarge 9
47235 47343 xlarge 6
47238 47431 5xlarge 1
47240 47432 medium 7
47270 47335 tiny 3
47273 47433 4xlarge 5
47318 47502 small 9
47341 47440 medium 4
47365 47484 xlarge 8
47441 47625 small 6
47443 47968 large 7
47451 47604 4xlarge 4
47451 47562 4xlarge 9
47456 47576 large 4
47462 47560 medium 3
47576 47817 2xlarge 7
47617 47693 3xlarge 3
47620 49047 medium 7
47635 47807 5xlarge 8
47677 48882 4xlarge 1
47710 47840 2xlarge 1
47712 47868 medium 0
47715 47824 xlarge 2
47717 47860 xlarge 6
47725 47837 tiny 2
47735 47873 xlarge 3
47736 47796 4xlarge 5
47742 47797 2xlarge 9
47746 47805 3xlarge 5
47749 47842 6xlarge 7
47800 47928 medium 2
47804 47947 5xlarge 1
47824 47939 tiny 1
47917 48080 small 7
47922 48068 4xlarge 5
47923 48237 3xlarge 3
47959 48043 2xlarge 3
48000 48107 2xlarge 7
48079 48219 tiny 2
48086 48227 xlarge 2
48087 48189 large 7
48089 48338 5xlarge 1
48092 48211 6xlarge 7
48155 48297 tiny 3
48220 49391 2xlarge 7
48225 48553 medium 3
48282 48479 5xlarge 7
48300 48646 large 7
48314 48435 3xlarge 3
48323 48467 6xlarge 9
48334 48572 xlarge 2
48335 48392 large 1
48397 48577 2xlarge 3
48427 48557 6xlarge 7
48457 48577 5xlarge 1
48480 48530 small 7
48566 48658 5xlarge 8
48568 48633 3xlarge 5
48596 48631 4xlarge 5
48600 49032 3xlarge 3
48668 48781 small 7
48703 48838 2xlarge 3
48769 49072 4xlarge 5
48828 48903 5xlarge 8
48879 49060 2xlarge 6
48954 49144 large 7
49026 52838 4xlarge 1
49115 49298 5xlarge 7
49131 49904 medium 7
49139 49364 5xlarge 1
49157 49271 large 1
49187 49291 6xlarge 9
49200 49287 3xlarge 6
49241 51326 2xlarge 4
49317 49535 4xlarge 5
49489 49718 2xlarge 3
49492 49600 5xlarge 3
49494 49594 small 9
49494 50346 large 7
49496 49620 6xlarge 7
49501 49669 3xlarge 2
49502 49746 small 7
49515 49663 4xlarge 3
49516 49653 large 0
49517 49643 small 1
49545 49646 xlarge 8
49548 49786 2xlarge 7
49548 49626 3xlarge 3
49558 49631 medium 4
49559 49600 xlarge 2
49629 49743 5xlarge 1
49639 50014 4xlarge 5
49718 50002 6xlarge 7
49726 50156 xlarge 2
49786 50141 3xlarge 3
49867 50130 2xlarge 6
49869 50578 2xlarge 7
49970 50128 medium 6
49974 50091 3xlarge 0
50006 50121 5xlarge 5
50029 50153 6xlarge 6
50037 50104 6xlarge 4
50082 50196 5xlarge 8
50090 50272 medium 7
50107 50202 3xlarge 5
50135 50253 small 7
50141 50203 5xlarge 1
50212 50487 4xlarge 5
50321 51638 medium 7
50329 50836 3xlarge 3
50372 50589 5xlarge 1
50385 50688 small 7
50502 50681 2xlarge 3
50573 50998 4xlarge 5
50580 50749 medium 3
50639 50740 tiny 3
50672 50822 5xlarge 1
50679 50872 small 9
50693 50808 6xlarge 3
50694 50837 medium 2
50733 50811 tiny 1
50735 50801 xlarge 8
50739 50816 medium 4
50740 52029 2xlarge 7
50805 50952 large 7
50869 50945 xlarge 2
50933 51047 xlarge 8
50949 51040 medium 4
50963 51036 6xlarge 4
50965 51059 2xlarge 6
50979 51065 5xlarge 1
50989 51068 small 9
50994 51192 3xlarge 3
51035 51205 5xlarge 8
51040 51169 5xlarge 0
51074 51194 tiny 3
51087 51341 4xlarge 5
51092 51161 medium 3
51094 51193 5xlarge 2
51101 51156 small 5
51103 51400 large 7
51107 51236 4xlarge 2
51116 51170 large 8
51179 51286 3xlarge 8
51186 51318 5xlarge 9
51276 51455 6xlarge 1
51279 51397 6xlarge 9
51281 51421 5xlarge 7
51288 51564 2xlarge 6
51288 51527 6xlarge 4
51290 51451 3xlarge 6
51294 51939 3xlarge 3
51304 51472 small 5
51305 51394 5xlarge 2
51306 51572 small 7
51307 51465 large 1
51312 51420 medium 3
51320 51412 5xlarge 3
51324 51554 2xlarge 3
51328 51412 small 1
51339 51393 4xlarge 3
51344 51462 large 8
51345 51451 large 0
51347 51400 tiny 3
51349 51454 3xlarge 2
51392 51596 5xlarge 5
51411 51593 medium 6
51411 51529 2xlarge 8
51425 51563 6xlarge 6
51463 51816 2xlarge 4
51472 51514 3xlarge 0
51534 51760 4xlarge 5
51547 51772 medium 3
51549 51644 small 5
51558 51696 5xlarge 1
51570 51834 tiny 3
51573 51711 4xlarge 2
51577 51688 5xlarge 0
51581 51640 large 8
51588 51666 5xlarge 2
51593 51907 large 7
51635 51832 6xlarge 4
51640 51770 large 1
51650 51786 6xlarge 7
51654 51772 5xlarge 7
51656 51761 small 7
51668 51765 xlarge 2
51682 51790 2xlarge 6
51693 51789 2xlarge 3
51779 51895 medium 4
51802 51959 xlarge 8
51822 51873 small 9
51877 52181 2xlarge 5
51889 52183 tiny 4
51895 52318 5xlarge 8
51897 52165 3xlarge 6
51897 52151 5xlarge 7
51917 51995 3xlarge 4
51927 52127 6xlarge 9
51941 52659 2xlarge 4
51947 52265 4xlarge 5
51953 52130 3xlarge 5
51959 52136 large 1
52009 52174 2xlarge 3
52048 52155 small 7
52121 52263 medium 4
52143 53141 medium 7
52144 52275 xlarge 8
52158 52361 large 7
52174 52760 2xlarge 7
52182 52233 small 9
52265 52361 tiny 6
52279 52365 xlarge 2
52291 52401 5xlarge 1
52302 52376 tiny 8
52303 52434 tiny 2
52307 52416 medium 9
52307 52375 6xlarge 7
52309 52408 4xlarge 8
52316 52397 3xlarge 7
52371 52485 small 6
52371 52892 3xlarge 3
52373 52478 6xlarge 4
52384 52639 2xlarge 6
52493 52592 4xlarge 5
52542 52594 5xlarge 1
52594 52718 tiny 3
52602 52792 medium 4
52619 52781 small 9
52623 52711 5xlarge 0
52625 52739 small 5
52634 52794 medium 3
52644 52753 5xlarge 2
52647 52735 large 8
52661 52754 xlarge 8
52668 52729 4xlarge 2
52714 53028 4xlarge 5
52785 53714 2xlarge 4
52857 52963 xlarge 2
52877 52997 5xlarge 8
52880 53016 3xlarge 5
52889 53244 large 7
52890 52986 2xlarge 7
52960 53154 medium 6
52981 53073 2xlarge 3
52993 53077 2xlarge 8
52994 53257 2xlarge 6
53014 53211 3xlarge 3
53017 53082 5xlarge 5
53023 53211 medium 3
53023 53157 3xlarge 0
53023 53095 6xlarge 6
53026 53120 6xlarge 4
53028 55863 4xlarge 1
53029 53265 small 7
53032 53223 tiny 3
53076 53262 5xlarge 2
53100 53222 4xlarge 2
53109 53246 large 8
53119 53438 4xlarge 5
53136 53247 5xlarge 0
53152 53238 small 5
53192 53346 large 1
53199 53368 2xlarge 5
53199 53323 3xlarge 5
53200 53326 2xlarge 1
53205 53344 5xlarge 8
53221 53361 6xlarge 9
53223 53331 xlarge 6
53225 53327 5xlarge 7
53232 53336 2xlarge 9
53238 53395 medium 0
53245 53355 xlarge 3
53254 53378 tiny 4
53258 53372 3xlarge 4
53260 53374 3xlarge 6
53272 53350 3xlarge 1
53328 53493 6xlarge 4
53335 53480 small 5
53340 53936 medium 7
53347 53488 5xlarge 2
53350 53463 tiny 3
53357 54295 large 7
53366 53489 medium 3
53372 53955 2xlarge 7
53375 53449 2xlarge 6
53376 53474 large 8
53398 53449 3xlarge 3
53474 53559 xlarge 8
53489 53555 medium 4
53571 53932 xlarge 2
53606 53700 5xlarge 1
53680 53839 2xlarge 6
53693 53791 3xlarge 5
53697 53973 6xlarge 7
53707 53832 2xlarge 3
53709 53878 small 7
53709 53820 3xlarge 3
53734 53822 5xlarge 8
53799 53977 5xlarge 9
53803 53979 3xlarge 8
53817 53950 4xlarge 5
53824 53920 5xlarge 4
53829 53971 large 9
53843 53937 2xlarge 4
53931 54041 tiny 3
53943 54106 medium 3
54037 54186 3xlarge 8
54042 54219 4xlarge 5
54046 54180 5xlarge 4
54053 54234 small 6
54062 54218 small 7
54063 54160 5xlarge 9
54067 54158 large 9
54075 54359 2xlarge 7
54086 54274 medium 7
54092 54927 2xlarge 4
54100 54155 2xlarge 3
54161 54450 3xlarge 3
54161 54325 6xlarge 7
54163 54341 5xlarge 0
54176 54278 5xlarge 2
54180 54343 tiny 2
54181 54338 small 5
54191 54297 xlarge 2
54199 54318 medium 4
54200 54345 xlarge 8
54201 54356 4xlarge 2
54209 54437 medium 3
54216 54341 large 8
54232 54353 small 9
54235 54311 tiny 3
54317 54598 4xlarge 5
54343 54396 2xlarge 6
54405 54513 xlarge 2
54415 54917 2xlarge 7
54426 54536 2xlarge 5
54427 54597 large 7
54429 54514 large 1
54429 54526 5xlarge 7
54436 54519 6xlarge 9
54439 54577 6xlarge 7
54448 54578 medium 7
54462 54593 3xlarge 6
54474 54546 tiny 4
54529 54638 3xlarge 3
54633 54949 large 7
54642 55030 medium 7
54649 54890 4xlarge 5
54656 54779 6xlarge 7
54676 54826 3xlarge 8
54689 54822 xlarge 2
54707 54801 5xlarge 1
54708 54779 5xlarge 9
54711 54794 tiny 2
54872 55079 2xlarge 5
54875 54993 2xlarge 3
54876 55053 5xlarge 2
54890 55015 small 5
54891 55042 5xlarge 7
54893 55194 3xlarge 3
54896 55026 tiny 3
54897 55008 tiny 4
54897 55029 5xlarge 0
54906 55009 3xlarge 6
54907 55041 large 1
54910 55005 4xlarge 2
54914 55007 medium 3
54941 55077 6xlarge 9
54947 55040 small 7
54956 55051 large 8
54997 55647 2xlarge 4
55046 55144 large 7
55063 55156 2xlarge 7
55080 55363 4xlarge 5
55183 55405 medium 3
55233 55362 5xlarge 1
55246 55355 tiny 3
55246 55414 large 7
55266 55427 medium 7
55418 55480 2xlarge 7
55487 55597 medium 7
55494 55955 large 7
55500 55672 5xlarge 1
55529 55669 tiny 1
55529 55674 medium 3
55535 55642 medium 2
55551 55643 tiny 3
55551 55654 4xlarge 5
55598 55747 xlarge 2
55604 55725 2xlarge 6
55622 56202 3xlarge 3
55640 56032 2xlarge 7
55744 55878 medium 7
55762 55847 large 1
55785 55898 5xlarge 7
55795 55905 6xlarge 9
55886 56874 2xlarge 4
55958 56101 small 7
55975 59556 4xlarge 1
55977 56120 2xlarge 8
55982 56563 medium 7
55986 56116 2xlarge 3
55996 56074 5xlarge 5
55997 56112 medium 6
55998 56155 6xlarge 6
56010 56215 2xlarge 6
56023 56095 3xlarge 0
56039 56256 6xlarge 4
56073 56271 3xlarge 8
56081 56196 large 9
56082 56367 large 7
56098 56397 5xlarge 1
56098 56271 5xlarge 9
56126 56212 5xlarge 4
56127 56469 4xlarge 5
56130 56276 xlarge 2
56140 56259 small 0
56149 56258 small 2
56197 56489 small 9
56205 56481 medium 4
56224 56371 tiny 1
56232 56333 5xlarge 8
56240 56432 xlarge 8
56255 56502 medium 3
56273 56497 2xlarge 7
56329 56461 tiny 3
56360 56459 5xlarge 2
56370 56602 3xlarge 3
56399 56503 large 8
56581 56871 5xlarge 7
56582 56716 3xlarge 6
56589 56867 4xlarge 5
56608 56806 6xlarge 9
56613 56821 large 1
56629 56688 2xlarge 7
56688 57683 medium 7
56698 56923 2xlarge 3
56704 56971 small 7
56706 56849 3xlarge 3
56714 57070 large 7
56801 57074 6xlarge 7
56827 56962 tiny 2
56848 57110 xlarge 2
56852 57101 5xlarge 1
56863 56988 2xlarge 7
56916 57095 5xlarge 2
56921 57105 tiny 3
56922 57033 medium 2
56923 57036 medium 3
56929 57118 6xlarge 9
56935 57099 tiny 1
56935 57106 small 6
56944 57077 5xlarge 7
56946 57066 3xlarge 6
56951 57079 5xlarge 0
56954 57042 medium 8
56954 57048 4xlarge 2
56954 57111 4xlarge 4
56964 57072 large 4
56971 57054 4xlarge 9
56976 57086 large 1
56982 57039 large 8
56983 57080 small 5
56993 57879 2xlarge 4
57035 57413 3xlarge 3
57040 57443 6xlarge 4
57104 57801 2xlarge 7
57115 57393 2xlarge 6
57157 57332 2xlarge 3
57160 57271 xlarge 2
57166 57339 medium 6
57167 57308 small 7
57184 57349 3xlarge 0
57188 57344 6xlarge 7
57193 57359 5xlarge 1
57193 57327 6xlarge 6
57195 57293 5xlarge 5
57197 57273 2xlarge 8
57224 57405 large 7
57224 57908 4xlarge 5
57240 57345 tiny 2
57434 57570 xlarge 8
57437 57535 medium 4
57439 57599 small 9
57475 57568 5xlarge 1
57533 57712 small 7
57545 57884 tiny 3
57548 57684 5xlarge 3
57563 57714 2xlarge 6
57571 57934 medium 3
57583 57709 3xlarge 3
57585 57757 large 7
57591 57662 2xlarge 3
57592 57705 3xlarge 2
57595 57675 4xlarge 3
57596 57638 5xlarge 7
57599 57699 6xlarge 4
57659 57809 small 9
57682 57823 6xlarge 7
57690 57757 medium 4
57696 57759 xlarge 8
57699 57822 xlarge 2
57754 57936 4xlarge 9
57759 57927 4xlarge 4
57761 57946 large 8
57764 57935 medium 7
57771 57957 large 4
57790 57886 large 3
57800 57912 medium 8
57810 57871 5xlarge 2
57823 58058 3xlarge 3
57829 57871 small 6
57878 58050 2xlarge 7
57905 58079 6xlarge 7
57907 58027 small 7
57922 58077 large 7
57923 58054 2xlarge 3
57925 58003 3xlarge 2
57932 57996 2xlarge 6
57934 58057 xlarge 2
57943 58037 6xlarge 4
57993 58152 3xlarge 6
58008 58198 6xlarge 9
58018 58123 3xlarge 4
58041 58195 tiny 4
58046 58290 medium 7
58057 58196 5xlarge 7
58072 58111 2xlarge 5
58077 58189 large 1
58122 58297 5xlarge 8
58141 58278 3xlarge 5
58159 58241 large 7
58164 58510 4xlarge 5
58178 58678 2xlarge 4
58232 58415 medium 6
58239 58375 2xlarge 8
58239 58424 6xlarge 6
58240 58393 6xlarge 4
58243 58366 5xlarge 9
58245 58535 3xlarge 3
58247 58493 2xlarge 7
58253 58435 3xlarge 8
58265 58376 5xlarge 5
58318 58411 3xlarge 0
58319 58397 2xlarge 6
58384 58522 medium 7
58410 58548 xlarge 2
58414 58552 small 6
58426 58489 large 7
58614 58980 medium 7
58632 58878 xlarge 2
58639 59703 large 7
58732 58866 3xlarge 3
58742 58888 6xlarge 4
58765 58842 2xlarge 6
58785 58831 6xlarge 7
58837 59105 2xlarge 4
58851 58965 5xlarge 2
58857 59038 medium 3
58857 58981 large 8
58897 59155 2xlarge 7
58911 58983 tiny 3
58952 59486 xlarge 2
58980 59094 6xlarge 7
59037 59124 4xlarge 5
59075 59503 large 1
59081 59248 xlarge 0
59104 59211 3xlarge 5
59104 59509 5xlarge 7
59113 59220 4xlarge 0
59119 59271 xlarge 6
59120 59215 2xlarge 1
59120 59228 2xlarge 9
59124 59255 medium 3
59132 59224 tiny 3
59150 59202 medium 0
59155 59205 5xlarge 8
59156 59241 xlarge 3
59200 59374 6xlarge 3
59201 59353 5xlarge 1
59202 59392 tiny 1
59220 59480 2xlarge 5
59228 59435 3xlarge 6
59236 59823 medium 7
59240 59341 tiny 4
59253 59328 2xlarge 7
59262 59448 6xlarge 9
59265 59387 medium 2
59328 59452 5xlarge 5
59329 59449 2xlarge 6
59339 59503 4xlarge 5
59341 59515 2xlarge 8
59350 59447 6xlarge 6
59356 59591 3xlarge 3
59358 59508 tiny 9
59366 59435 xlarge 4
59369 60336 2xlarge 4
59376 59511 medium 6
59380 59464 6xlarge 4
59386 59495 3xlarge 0
59387 59452 6xlarge 0
59454 59560 2xlarge 7
59479 59839 5xlarge 1
59555 59745 6xlarge 9
59572 59724 3xlarge 6
59596 59698 5xlarge 7
59629 59694 large 1
59640 59698 4xlarge 5
59751 60083 4xlarge 1
59821 60834 large 7
59845 60954 2xlarge 7
59866 59913 4xlarge 5
59927 62627 medium 7
59952 60079 xlarge 2
60047 60161 4xlarge 5
60091 60319 5xlarge 1
60194 63645 4xlarge 1
60292 60411 xlarge 8
60310 60455 6xlarge 7
60313 60415 medium 4
60341 60555 xlarge 2
60400 61075 3xlarge 3
60432 60664 2xlarge 6
60452 60888 2xlarge 4
60468 60890 4xlarge 5
60472 60668 5xlarge 1
60520 60710 2xlarge 5
60528 60686 5xlarge 7
60537 60657 large 1
60567 60701 6xlarge 9
60579 60662 tiny 4
60589 60631 3xlarge 6
60753 61035 small 7
60761 61003 2xlarge 3
60764 60880 small 9
60813 60895 medium 4
60815 60930 xlarge 8
60879 61033 5xlarge 5
60890 61045 2xlarge 8
60919 61051 6xlarge 4
60922 60993 2xlarge 6
60924 61054 tiny 1
60932 61001 6xlarge 6
60933 61351 xlarge 2
60934 61035 3xlarge 0
60942 61414 6xlarge 7
60952 61038 medium 6
60954 61007 5xlarge 1
60958 61426 large 7
60960 61013 medium 2
60996 61120 5xlarge 2
61001 61182 medium 3
61009 61114 tiny 6
61019 62084 2xlarge 4
61034 61368 tiny 2
61035 61148 large 8
61042 61176 4xlarge 5
61045 61158 tiny 3
61048 61180 3xlarge 7
61064 61282 tiny 8
61080 61141 medium 9
61165 62386 2xlarge 7
61239 61367 xlarge 8
61241 61410 medium 4
61257 61421 small 9
61271 61424 3xlarge 3
61320 61358 4xlarge 5
61392 61496 large 4
61417 61534 small 6
61418 61534 4xlarge 9
61428 61546 4xlarge 4
61433 61524 5xlarge 1
61472 61608 medium 4
61481 61772 xlarge 8
61486 61668 3xlarge 3
61506 61647 small 9
61512 61738 2xlarge 3
61543 61776 small 7
61608 61778 5xlarge 8
61611 61842 large 7
61637 61761 3xlarge 2
61656 62088 4xlarge 5
61658 61766 3xlarge 5
61658 61773 5xlarge 1
61721 61845 5xlarge 4
61764 61838 3xlarge 8
61780 61855 5xlarge 9
61784 61875 medium 3
61792 61901 small 0
61793 61869 small 2
61800 61854 large 9
61844 61977 tiny 1
61846 62192 3xlarge 3
61867 61983 5xlarge 1
61888 61975 6xlarge 3
61894 61975 medium 2
61996 62150 xlarge 2
62003 62159 large 7
62024 62125 6xlarge 7
62195 62311 5xlarge 1
62197 62375 4xlarge 5
62204 62360 3xlarge 5
62212 62350 5xlarge 8
62222 62360 xlarge 6
62250 63350 2xlarge 4
62263 62317 2xlarge 9
62274 62367 xlarge 3
62313 62874 large 7
62360 62463 3xlarge 3
62363 62514 2xlarge 6
62440 62756 4xlarge 5
62493 62868 2xlarge 7
62561 62959 3xlarge 3
62673 62861 5xlarge 5
62687 62836 3xlarge 0
62691 62834 medium 6
62700 62851 6xlarge 6
62701 62916 2xlarge 6
62732 62863 5xlarge 1
62742 62835 6xlarge 4
62752 63195 medium 7
62792 62937 6xlarge 9
62813 62911 large 1
62819 62998 5xlarge 7
62828 62963 3xlarge 6
62830 62974 4xlarge 5
62834 62939 2xlarge 5
62861 62963 tiny 4
62932 63054 tiny 3
62982 63057 medium 3
62991 63098 5xlarge 1
63035 63176 3xlarge 5
63037 63310 3xlarge 3
63042 63413 2xlarge 7
63043 63593 large 7
63050 63305 small 7
63052 63293 2xlarge 3
63092 63228 5xlarge 8
63167 63285 large 8
63167 63272 5xlarge 0
63169 63324 medium 3
63172 63272 tiny 3
63177 63285 small 5
63187 63325 4xlarge 5
63188 63358 4xlarge 2
63200 63292 5xlarge 2
63276 63393 6xlarge 7
63277 63449 xlarge 2
63405 63677 medium 7
63457 63594 5xlarge 1
63512 64299 2xlarge 4
63518 63667 small 4
63524 63668 5xlarge 7
63535 63651 3xlarge 4
63540 63676 large 1
63542 63669 3xlarge 1
63544 63707 3xlarge 6
63553 63695 2xlarge 5
63564 63691 2xlarge 0
63571 63695 3xlarge 3
63582 63706 medium 1
63585 63644 tiny 4
63587 63660 6xlarge 9
63644 63828 2xlarge 7
63661 64317 4xlarge 5
63703 63791 3xlarge 5
63705 63806 5xlarge 8
63754 63876 3xlarge 3
63791 63875 2xlarge 6
63795 63908 5xlarge 1
63800 64038 medium 7
63810 64264 large 7
63824 63882 6xlarge 4
63826 64124 4xlarge 1
63881 64069 tiny 3
63896 64062 medium 3
63911 64048 5xlarge 2
63915 63994 large 8
64003 64117 3xlarge 3
64023 64291 2xlarge 7
64115 64268 medium 7
64126 64292 6xlarge 9
64131 64273 large 1
64136 64308 2xlarge 5
64140 64265 5xlarge 7
64150 64280 3xlarge 6
64158 64234 tiny 4
64161 64275 3xlarge 4
64177 64316 5xlarge 1
64180 64311 6xlarge 7
64184 64248 5xlarge 8
64194 64272 xlarge 2
64234 64519 2xlarge 6
64237 65154 3xlarge 3
64244 64377 tiny 3
64255 64385 medium 3
64318 66755 4xlarge 1
64378 64476 6xlarge 7
64380 64471 6xlarge 4
64393 64537 xlarge 2
64398 64663 2xlarge 4
64399 64593 2xlarge 7
64417 64540 large 7
64475 64651 4xlarge 5
64481 64618 large 1
64486 64629 5xlarge 1
64509 64623 5xlarge 7
64537 64607 medium 7
64593 64797 large 7
64646 64747 6xlarge 7
64670 64721 xlarge 2
64715 65632 medium 7
64728 65947 2xlarge 7
64735 65818 2xlarge 4
64741 64883 small 9
64743 64855 5xlarge 1
64751 64917 3xlarge 5
64755 64870 2xlarge 9
64773 64891 5xlarge 8
64781 64918 medium 4
64782 64913 xlarge 8
64834 64971 tiny 2
64846 64951 4xlarge 5
64868 65030 5xlarge 9
64869 65151 6xlarge 7
64873 65215 xlarge 2
64911 65012 3xlarge 8
64919 65264 large 7
64967 65158 2xlarge 9
64980 65382 5xlarge 8
64995 65096 xlarge 3
65019 65143 3xlarge 5
65096 65833 4xlarge 5
65255 65508 3xlarge 3
65268 65363 3xlarge 5
65272 65630 5xlarge 1
65323 65622 large 7
65340 65463 6xlarge 4
65343 65504 2xlarge 6
65350 65482 2xlarge 3
65364 65461 3xlarge 2
65372 65462 small 7
65433 65692 6xlarge 9
65444 65623 2xlarge 9
65445 65554 tiny 4
65466 65686 3xlarge 6
65472 65679 large 1
65474 65609 xlarge 3
65475 65702 5xlarge 8
65485 65719 5xlarge 7
65491 65568 2xlarge 5
65519 65715 3xlarge 5
65558 65694 xlarge 8
65610 65697 medium 4
65614 65987 3xlarge 3
65617 65707 small 9
65673 65826 medium 7
65676 65853 small 5
65694 65801 tiny 3
65708 65872 medium 3
65711 65800 4xlarge 2
65719 65792 5xlarge 0
65722 65830 large 8
65723 65820 5xlarge 1
65751 65804 5xlarge 2
65794 65918 medium 4
65805 65977 small 9
65850 66191 large 7
65860 66178 xlarge 2
65863 65916 xlarge 8
65873 65973 6xlarge 7
65927 66098 5xlarge 8
65930 66903 medium 7
65942 66518 2xlarge 4
65943 66072 large 1
65945 66043 3xlarge 5
65951 66194 5xlarge 1
65958 66066 6xlarge 9
65961 66033 5xlarge 7
65984 66033 4xlarge 5
65996 66061 3xlarge 6
66000 66035 2xlarge 5
66063 66354 3xlarge 3
66064 66195 2xlarge 6
66092 66201 6xlarge 4
66119 66479 2xlarge 7
66160 66332 5xlarge 8
66185 66297 3xlarge 5
66221 66427 4xlarge 5
66319 66475 large 7
66415 66586 3xlarge 3
66437 66664 5xlarge 1
66514 66680 tiny 1
66514 67880 2xlarge 7
66642 66811 3xlarge 5
66657 66798 xlarge 2
66657 66772 5xlarge 8
66680 67433 2xlarge 4
66683 67362 large 7
66703 67076 4xlarge 5
66770 67014 6xlarge 4
66787 67263 3xlarge 3
66801 66946 3xlarge 8
66818 66992 2xlarge 6
66837 66922 5xlarge 9
66875 67032 large 0
66875 67010 4xlarge 1
66879 67076 small 7
66882 67057 xlarge 2
66885 67046 4xlarge 3
66891 67059 6xlarge 7
66895 67051 small 1
66896 67004 2xlarge 9
66926 67025 5xlarge 3
66938 67068 2xlarge 3
66938 67069 6xlarge 1
66941 67008 3xlarge 5
66944 67057 5xlarge 8
66959 67014 xlarge 3
66960 67075 3xlarge 2
67018 67745 medium 7
67113 67265 large 8
67123 67233 5xlarge 2
67134 69829 4xlarge 1
67137 67388 4xlarge 5
67149 67554 tiny 3
67193 67549 medium 3
67248 67427 6xlarge 9
67269 67388 5xlarge 1
67276 67398 large 1
67286 67439 3xlarge 6
67296 67420 5xlarge 7
67354 67497 small 5
67363 67625 6xlarge 4
67369 67537 5xlarge 2
67392 67611 3xlarge 0
67398 67652 2xlarge 6
67401 67644 3xlarge 3
67402 67610 6xlarge 6
67406 67608 5xlarge 5
67418 67615 2xlarge 8
67431 67649 medium 6
67438 67538 4xlarge 2
67440 67520 large 8
67484 67971 2xlarge 4
67486 67908 large 7
67489 67612 small 9
67507 67620 medium 4
67511 67624 xlarge 8
67513 67655 small 7
67523 67713 3xlarge 5
67525 67713 5xlarge 8
67540 67674 2xlarge 3
67594 67780 xlarge 2
67608 67787 4xlarge 5
67717 67903 xlarge 8
67721 67854 medium 4
67770 67904 small 9
67840 68135 medium 3
67846 68034 4xlarge 5
67863 68097 5xlarge 7
67877 68129 large 1
67903 68027 2xlarge 6
67916 67993 3xlarge 3
67917 68110 medium 7
67918 68028 6xlarge 4
67984 68092 xlarge 2
67984 68135 2xlarge 5
67995 68693 large 7
68002 68132 tiny 3
68009 68152 tiny 4
68015 68104 3xlarge 6
68037 68110 6xlarge 9
68072 68250 5xlarge 9
68076 68249 5xlarge 4
68078 68241 large 9
68100 68689 2xlarge 4
68100 68747 2xlarge 7
68114 68201 3xlarge 3
68129 68205 3xlarge 8
68134 68509 4xlarge 5
68198 68344 xlarge 2
68269 68459 medium 7
68314 68447 6xlarge 0
68318 68508 3xlarge 2
68331 68439 small 7
68331 68468 large 0
68335 68468 3xlarge 0
68341 68480 xlarge 4
68342 68439 2xlarge 3
68345 68457 2xlarge 8
68346 68473 2xlarge 6
68347 68437 6xlarge 6
68355 68445 5xlarge 5
68356 68499 3xlarge 3
68366 68458 4xlarge 3
68383 68500 5xlarge 3
68390 68436 6xlarge 4
68393 68485 small 1
68399 68499 tiny 9
68399 68471 medium 6
68399 68483 6xlarge 1
68552 68833 5xlarge 8
68573 68724 3xlarge 3
68574 68715 medium 3
68574 68726 large 8
68582 68714 tiny 3
68589 68741 5xlarge 2
68629 69052 medium 7
68631 68739 4xlarge 5
68637 68849 3xlarge 5
68798 68938 3xlarge 3
68824 69118 4xlarge 5
68833 68988 6xlarge 4
68847 69692 2xlarge 4
68864 68930 large 7
68874 68921 2xlarge 6
68879 70634 2xlarge 7
68949 69093 3xlarge 8
68977 69113 5xlarge 1
68980 69075 5xlarge 9
69032 69176 2xlarge 6
69060 69327 small 7
69084 69175 6xlarge 4
69103 69577 3xlarge 3
69107 69820 large 7
69118 69315 2xlarge 3
69159 69321 3xlarge 2
69163 69349 5xlarge 1
69202 69420 3xlarge 5
69221 69714 5xlarge 8
69229 69318 xlarge 2
69232 70962 medium 7
69281 69465 large 1
69297 69452 5xlarge 7
69335 69457 6xlarge 9
69337 69560 4xlarge 5
69428 69551 small 9
69432 69598 medium 4
69470 69564 xlarge 8
69474 69547 xlarge 2
69475 69558 tiny 2
69475 69545 6xlarge 7
69519 69690 small 7
69540 69675 2xlarge 3
69591 69637 3xlarge 5
69634 69945 3xlarge 3
69654 69955 2xlarge 6
69667 69909 6xlarge 4
69787 69935 5xlarge 8
69814 69874 3xlarge 5
69902 70749 large 7
69941 70167 4xlarge 1
69952 70279 2xlarge 4
70005 70194 small 7
70025 70297 3xlarge 5
70032 70189 4xlarge 5
70032 70287 5xlarge 8
70041 70142 2xlarge 3
70041 71152 3xlarge 3
70236 70360 xlarge 8
70265 72654 4xlarge 1
70301 70384 xlarge 2
70308 70369 small 9
70315 70427 medium 4
70367 70541 4xlarge 5
70421 70627 2xlarge 4
70607 70736 xlarge 2
70610 70769 5xlarge 7
70666 70759 large 1
70736 70847 small 6
70756 70894 2xlarge 6
70758 72804 2xlarge 4
70788 70916 4xlarge 5
70842 70993 2xlarge 7
70858 71033 5xlarge 1
70952 71101 5xlarge 5
70960 71092 5xlarge 4
70963 71127 medium 6
70963 71085 3xlarge 0
70971 71193 4xlarge 5
70981 71077 2xlarge 6
70996 71146 small 2
70996 71092 3xlarge 8
70997 71115 6xlarge 4
70998 71154 5xlarge 9
70999 71321 large 7
71017 71130 small 0
71020 71149 large 9
71026 71152 6xlarge 6
71101 71947 medium 7
71108 71277 medium 3
71111 71361 2xlarge 7
71116 71279 tiny 3
71151 71256 5xlarge 1
71208 71361 large 1
71278 71392 5xlarge 7
71370 71606 3xlarge 3
71491 71733 2xlarge 7
71497 71598 5xlarge 1
71518 71715 4xlarge 5
71557 71697 medium 3
71567 71871 large 1
71618 71853 5xlarge 7
71626 71711 tiny 3
71708 71827 6xlarge 9
71712 71836 3xlarge 6
71716 71811 5xlarge 1
71748 71802 3xlarge 3
71811 71931 small 7
71822 71994 tiny 3
71824 71921 3xlarge 2
71825 72449 large 7
71836 72439 4xlarge 5
71837 71917 4xlarge 3
71839 71972 2xlarge 3
71856 71957 5xlarge 3
71859 71935 small 1
71861 71976 medium 3
71861 71924 6xlarge 1
71874 71946 large 0
71936 72052 xlarge 2
71965 72054 6xlarge 7
72034 72181 small 7
72044 72213 6xlarge 3
72050 72198 4xlarge 3
72053 72233 small 9
72053 74956 medium 7
72054 72801 3xlarge 3
72066 72168 small 8
72074 72718 5xlarge 1
72087 72203 2xlarge 3
72092 72753 2xlarge 7
72093 72204 xlarge 8
72094 72195 3xlarge 2
72096 72208 tiny 1
72099 72229 medium 2
72102 72192 medium 4
72103 72235 large 0
72110 72206 5xlarge 3
72114 72170 small 1
72152 72344 medium 3
72153 72325 5xlarge 0
72159 72287 3xlarge 5
72163 72303 small 5
72167 72272 4xlarge 2
72177 72334 tiny 3
72210 72302 3xlarge 8
72226 72330 large 8
72234 72283 5xlarge 8
72235 72355 xlarge 2
72239 72291 5xlarge 2
72392 72561 large 8
72417 72568 small 5
72423 72544 5xlarge 2
72439 72592 4xlarge 2
72456 72662 medium 3
72467 72647 tiny 3
72519 72655 6xlarge 4
72556 72712 2xlarge 6
72636 72941 large 7
72644 72908 3xlarge 2
72654 72818 5xlarge 8
72657 72754 4xlarge 5
72691 72956 small 7
72706 72910 2xlarge 3
72761 73545 4xlarge 1
72762 72918 4xlarge 3
72777 72939 large 0
72779 72944 medium 3
72787 72890 5xlarge 1
72803 72925 5xlarge 3
72826 72918 tiny 3
72830 72905 5xlarge 2
72833 72913 large 8
72906 73136 2xlarge 7
72917 72997 5xlarge 8
72934 73306 4xlarge 5
72943 73313 2xlarge 4
72960 73284 3xlarge 3
72995 73300 large 7
72999 73144 small 6
73002 73405 large 8
73006 73482 medium 3
73019 73510 tiny 3
73033 73412 5xlarge 2
73119 73273 5xlarge 9
73162 73281 tiny 2
73163 73235 tiny 8
73175 73245 xlarge 2
73180 73246 3xlarge 8
73196 73278 3xlarge 5
73196 73295 6xlarge 7
73197 73249 5xlarge 8
73232 73364 small 9
73236 73400 4xlarge 2
73267 73435 medium 4
73283 73394 small 5
73294 73372 xlarge 8
73309 73545 2xlarge 7
73375 73592 3xlarge 3
73381 73663 large 7
73382 74091 2xlarge 4
73400 73554 6xlarge 6
73410 73528 5xlarge 5
73413 73530 medium 6
73420 73545 2xlarge 6
73430 73526 6xlarge 4
73472 73615 5xlarge 3
73474 73634 2xlarge 3
73484 73650 3xlarge 2
73498 73634 4xlarge 3
73518 73672 small 7
73519 73634 large 0
73539 73897 4xlarge 5
73673 74039 2xlarge 7
73727 73880 xlarge 1
73729 73866 2xlarge 8
73730 73890 3xlarge 3
73731 73832 6xlarge 6
73732 75337 4xlarge 1
73734 74020 6xlarge 7
73747 73833 3xlarge 0
73751 73833 6xlarge 0
73752 73982 xlarge 2
73754 73865 5xlarge 5
73765 73848 tiny 9
73775 73868 6xlarge 4
73776 73849 2xlarge 6
73779 74458 large 7
73784 73918 medium 6
73786 73892 large 2
73797 73865 xlarge 4
73865 73967 xlarge 8
73881 73985 tiny 1
73894 74219 5xlarge 1
73902 73966 medium 2
73902 74010 medium 4
73903 74005 2xlarge 3
73908 73957 small 9
73910 74011 small 7
73964 74237 3xlarge 3
73976 74155 4xlarge 5
74116 74215 5xlarge 8
74199 74435 2xlarge 7
74202 74489 2xlarge 4
74217 74371 xlarge 2
74245 74469 4xlarge 5
74314 75159 3xlarge 3
74331 74471 medium 4
74371 74440 xlarge 8
74383 74466 small 9
74438 74609 small 7
74467 74676 5xlarge 1
74489 74618 2xlarge 6
74510 74598 6xlarge 4
74517 74632 2xlarge 3
74586 75340 2xlarge 4
74587 74968 large 7
74679 74876 medium 3
74683 74873 3xlarge 4
74689 74877 large 1
74699 74866 3xlarge 6
74702 74795 6xlarge 9
74703 74810 2xlarge 5
74727 75888 2xlarge 7
74729 74818 4xlarge 5
74733 74812 tiny 4
74744 74839 tiny 3
74749 74867 5xlarge 7
74927 75109 small 7
74927 75034 medium 3
74939 75116 6xlarge 4
74953 75035 tiny 3
74957 75068 2xlarge 3
74957 75097 2xlarge 6
75033 75239 5xlarge 8
75034 76364 medium 7
75038 75199 4xlarge 5
75063 75418 5xlarge 1
75064 75201 5xlarge 9
75068 75353 tiny 1
75070 75175 3xlarge 8
75164 75283 small 7
75172 75337 2xlarge 3
75183 75296 medium 2
75184 75277 6xlarge 3
75229 75275 large 7
75272 75414 3xlarge 3
75273 75455 4xlarge 0
75275 75391 2xlarge 9
75293 75407 medium 0
75298 75446 6xlarge 4
75306 75475 5xlarge 8
75316 75478 xlarge 6
75322 75454 xlarge 0
75324 75468 2xlarge 6
75334 75442 xlarge 3
75352 75432 3xlarge 5
75360 75433 2xlarge 1
75400 75645 large 7
75422 75544 5xlarge 7
75422 75558 6xlarge 9
75426 75583 xlarge 2
75433 75584 large 1
75451 77443 4xlarge 1
75520 75818 5xlarge 2
75526 75759 large 8
75533 75640 small 5
75540 75801 tiny 3
75540 75769 medium 3
75593 75684 4xlarge 2
75635 75830 xlarge 8
75647 75775 5xlarge 7
75681 76724 2xlarge 4
75697 75762 tiny 1
75705 76270 4xlarge 5
75717 75834 5xlarge 1
75718 76035 3xlarge 3
75720 75818 large 1
75752 76051 large 7
75754 75944 small 7
75771 75914 3xlarge 8
75782 75939 3xlarge 5
75812 75907 2xlarge 3
75819 75892 5xlarge 8
75820 75940 2xlarge 9
75907 76004 5xlarge 1
76026 76302 5xlarge 8
76035 76125 2xlarge 7
76067 76162 medium 3
76112 76371 5xlarge 7
76115 76490 3xlarge 3
76117 76238 3xlarge 5
76123 76439 large 1
76138 76312 large 7
76177 76282 6xlarge 7
76200 76269 xlarge 2
76252 76411 2xlarge 7
76270 76431 5xlarge 1
76373 76609 5xlarge 8
76378 76759 large 7
76399 76761 4xlarge 5
76473 76673 medium 7
76479 76606 2xlarge 3
76500 76677 2xlarge 7
76502 76658 xlarge 8
76515 76601 small 7
76525 76733 medium 3
76538 76652 medium 4
76545 76601 small 9
76592 76741 2xlarge 6
76596 76793 6xlarge 7
76598 76790 small 6
76601 76720 3xlarge 3
76621 76798 6xlarge 4
76622 76720 xlarge 2
76630 76774 large 8
76660 76790 5xlarge 2
76675 76751 tiny 3
76713 76847 3xlarge 5
76740 76895 2xlarge 9
76748 76863 xlarge 3
76750 77099 medium 7
76760 76884 5xlarge 8
76764 76848 medium 0
76772 76898 xlarge 0
76772 76840 2xlarge 7
76783 76912 xlarge 6
76783 76861 2xlarge 1
76798 76868 4xlarge 0
76847 77081 large 7
76849 76982 3xlarge 8
76849 77007 5xlarge 9
76859 76958 2xlarge 4
76898 77017 4xlarge 5
76955 77147 2xlarge 3
76967 77082 xlarge 2
76977 77125 5xlarge 1
76988 77127 6xlarge 3
76995 77109 5xlarge 2
76996 77117 medium 3
76998 77130 3xlarge 3
77000 77134 small 7
77009 77127 medium 2
77022 77113 tiny 1
77029 77154 tiny 3
77036 77097 large 8
77112 77273 4xlarge 5
77136 77219 2xlarge 4
77204 77342 medium 3
77233 77473 medium 7
77243 77336 tiny 3
77246 77698 3xlarge 3
77317 77603 6xlarge 7
77335 77631 5xlarge 7
77341 77499 5xlarge 1
77343 77472 2xlarge 9
77358 77569 large 1
77359 78119 2xlarge 7
77369 77599 xlarge 2
77379 77673 large 7
77398 77444 3xlarge 5
77400 77458 5xlarge 8
77444 77556 6xlarge 6
77464 77582 3xlarge 0
77471 77631 5xlarge 5
77473 77598 2xlarge 8
77492 77589 medium 6
77511 77598 2xlarge 6
77516 77576 6xlarge 4
77556 77714 4xlarge 1
77559 77740 5xlarge 8
77564 77917 2xlarge 4
77596 78116 medium 7
77599 77916 4xlarge 5
77796 77997 small 9
77816 80087 4xlarge 1
77825 77952 xlarge 2
77837 78473 3xlarge 3
77842 77927 xlarge 8
77849 77989 6xlarge 7
77850 78587 large 7
77857 77927 medium 4
77960 78050 5xlarge 1
78032 78314 5xlarge 8
78033 78152 3xlarge 8
78034 78197 6xlarge 9
78044 78172 tiny 4
78049 78172 2xlarge 5
78051 78235 3xlarge 4
78055 78217 large 1
78059 78239 large 8
78067 78157 3xlarge 1
78068 78452 2xlarge 4
78068 78203 5xlarge 7
78071 78164 2xlarge 0
78073 78216 small 4
78075 78279 3xlarge 5
78095 78187 3xlarge 6
78110 78231 tiny 3
78111 78196 4xlarge 5
78112 78192 5xlarge 2
78120 78186 medium 3
78174 78397 6xlarge 4
78210 78439 medium 7
78222 78431 2xlarge 6
78282 78400 3xlarge 6
78292 78414 2xlarge 5
78296 78464 6xlarge 9
78297 78391 3xlarge 4
78298 78442 5xlarge 7
78311 78462 tiny 4
78333 78423 large 1
78400 78528 tiny 6
78413 78556 tiny 2
78414 78552 5xlarge 8
78430 78516 tiny 8
78430 78521 4xlarge 8
78444 78535 3xlarge 5
78446 78547 medium 3
78452 78511 xlarge 2
78452 78547 3xlarge 7
78456 78556 2xlarge 7
78473 78596 medium 9
78477 78551 6xlarge 7
78520 78685 4xlarge 5
78531 78658 small 6
78533 78681 4xlarge 4
78570 78683 5xlarge 1
78579 78658 2xlarge 4
78584 78644 large 1
78590 78691 medium 7
78597 78710 5xlarge 7
78599 78713 3xlarge 3
78643 78931 medium 3
78675 78804 2xlarge 7
78685 78814 5xlarge 2
78716 78789 xlarge 8
78718 78759 small 9
78718 78804 medium 4
78719 78958 tiny 3
78753 79022 4xlarge 5
78792 78887 large 7
78801 78946 3xlarge 3
78811 78936 6xlarge 7
78812 79545 2xlarge 4
78819 78925 xlarge 2
78876 79006 3xlarge 5
78903 78997 2xlarge 9
78938 79172 2xlarge 7
78949 79007 5xlarge 8
79002 79145 2xlarge 3
79027 79274 tiny 3
79033 79290 medium 3
79033 79126 large 1
79037 79121 small 9
79038 79152 3xlarge 2
79045 79179 small 7
79048 79155 xlarge 8
79068 79176 medium 4
79070 79156 5xlarge 7
79079 80003 large 7
79140 79311 5xlarge 2
79168 79280 large 8
79192 79378 5xlarge 1
79193 79476 4xlarge 5
79196 79425 medium 7
79263 79535 6xlarge 7
79268 79519 xlarge 2
79388 79513 medium 3
79434 79508 2xlarge 7
79476 79640 3xlarge 3
79507 79606 2xlarge 6
79510 79677 6xlarge 4
79542 80671 medium 7
79544 79673 small 7
79557 79666 2xlarge 3
79597 79791 4xlarge 2
79604 79885 2xlarge 7
79607 79783 large 8
79614 79843 medium 3
79621 80106 5xlarge 1
79624 79788 5xlarge 0
79627 79744 4xlarge 5
79638 79977 2xlarge 4
79640 79765 small 5
79676 79779 5xlarge 2
79678 79731 tiny 3
79761 79895 6xlarge 7
79778 79883 xlarge 2
79840 80003 5xlarge 9
79857 80009 5xlarge 4
79861 80025 tiny 1
79863 79962 5xlarge 8
79869 79955 3xlarge 3
79876 80005 large 9
79877 79997 3xlarge 8
79904 80004 6xlarge 3
79905 80029 medium 2
79912 79965 4xlarge 5
79954 80135 small 5
79966 80145 5xlarge 0
79970 80148 small 6
79998 80135 4xlarge 4
80001 80124 5xlarge 2
80015 80129 large 8
80026 80121 medium 3
80026 80129 4xlarge 2
80036 80099 tiny 3
80084 80278 6xlarge 7
80089 80238 2xlarge 7
80145 80260 xlarge 2
80147 80193 large 7
80202 80394 4xlarge 5
80203 80367 large 0
80206 80369 small 7
80217 80327 2xlarge 4
80241 80353 4xlarge 3
80243 80509 4xlarge 1
80249 80313 2xlarge 3
80256 80377 medium 3
80260 80349 5xlarge 3
80271 80364 3xlarge 2
80369 81224 2xlarge 7
80393 80470 3xlarge 3
80443 80608 large 7
80470 80613 tiny 1
80507 80602 5xlarge 1
80562 80733 xlarge 8
80601 80706 medium 4
80601 81225 4xlarge 1
80617 80746 small 9
80624 80802 3xlarge 3
80627 81277 2xlarge 4
80629 81193 4xlarge 5
80711 80841 medium 3
80722 82490 large 7
80847 80940 5xlarge 1
80879 81916 medium 7
80917 81031 3xlarge 5
80922 81236 3xlarge 3
80973 81228 5xlarge 8
81082 81220 5xlarge 1
81283 81681 2xlarge 7
81320 81393 5xlarge 1
81356 85751 4xlarge 1
81422 81539 small 7
81423 81529 2xlarge 3
81428 82071 3xlarge 3
81443 81699 xlarge 2
81445 81642 2xlarge 4
81519 81677 3xlarge 1
81545 81694 large 1
81551 81672 3xlarge 4
81554 81658 6xlarge 9
81567 81702 6xlarge 7
81572 81685 5xlarge 7
81582 81658 2xlarge 5
81584 81642 3xlarge 6
81593 81666 tiny 4
81641 81955 5xlarge 1
81694 81779 6xlarge 4
81715 81758 2xlarge 6
81783 81899 small 7
81784 81918 2xlarge 9
81785 82037 4xlarge 5
81786 81928 2xlarge 3
81789 82005 2xlarge 4
81803 81890 2xlarge 7
81826 82046 3xlarge 5
81837 82027 5xlarge 8
81913 82046 medium 3
81996 82421 5xlarge 7
82032 82187 medium 7
82033 82430 large 1
82047 82249 2xlarge 7
82116 82628 3xlarge 3
82139 82265 small 7
82140 82317 3xlarge 6
82149 82239 6xlarge 9
82165 82300 medium 3
82170 82299 2xlarge 3
82186 82272 5xlarge 8
82270 82404 6xlarge 7
82275 82355 xlarge 2
82306 82478 medium 7
82355 82605 6xlarge 4
82356 83259 2xlarge 4
82367 82841 2xlarge 7
82378 82652 2xlarge 6
82400 82631 4xlarge 5
82480 82634 3xlarge 5
82511 82764 5xlarge 8
82601 82748 6xlarge 9
82624 82744 tiny 4
82625 82761 large 1
82633 82838 large 7
82651 82741 5xlarge 7
82662 82720 small 6
82668 82897 medium 7
82672 82726 2xlarge 5
82675 82760 3xlarge 6
82784 82984 4xlarge 5
82795 82893 xlarge 2
82884 82969 medium 3
82962 83587 2xlarge 7
82965 83157 xlarge 2
82970 84168 medium 7
82999 83507 large 7
83003 83082 6xlarge 7
83026 83232 5xlarge 1
83086 83269 tiny 1
83087 83260 3xlarge 3
83094 83225 medium 2
83107 83230 6xlarge 3
83325 83518 large 2
83325 83633 2xlarge 4
83332 83480 xlarge 4
83344 83488 medium 6
83345 83480 2xlarge 6
83355 83506 2xlarge 8
83356 83437 3xlarge 0
83359 83436 5xlarge 5
83362 83464 tiny 9
83362 83436 6xlarge 0
83394 83516 3xlarge 3
83396 83465 6xlarge 4
83398 83432 6xlarge 6
83433 84102 5xlarge 1
83464 83568 medium 3
83486 83554 large 8
83489 83560 4xlarge 5
83495 83571 small 9
83496 83569 medium 4
83499 83610 xlarge 8
83514 83639 tiny 3
83514 83612 5xlarge 2
83594 83805 large 7
83640 84461 3xlarge 3
83686 83807 5xlarge 9
83687 83817 2xlarge 4
83726 83838 3xlarge 8
83755 83826 4xlarge 5
83863 83928 2xlarge 7
83953 84096 2xlarge 4
83955 84108 5xlarge 7
83987 84044 4xlarge 5
84044 84193 2xlarge 7
84091 84202 large 7
84159 84425 4xlarge 5
84169 84302 6xlarge 4
84171 84297 5xlarge 5
84171 84323 5xlarge 8
84187 84327 2xlarge 6
84192 84460 2xlarge 4
84192 84342 3xlarge 5
84277 84570 2xlarge 7
84279 85509 large 7
84284 84471 6xlarge 2
84300 84417 5xlarge 3
84311 84431 small 1
84313 84412 large 0
84329 84477 3xlarge 2
84331 84478 small 7
84341 84428 6xlarge 1
84355 84418 4xlarge 3
84360 84435 2xlarge 3
84425 84919 xlarge 2
84428 84526 5xlarge 1
84473 84889 medium 7
84480 84954 6xlarge 7
84514 84696 2xlarge 6
84562 84767 2xlarge 4
84585 85135 3xlarge 3
84585 84693 6xlarge 4
84598 84815 4xlarge 5
84600 84649 5xlarge 7
84652 85421 2xlarge 7
84760 84917 tiny 2
84815 84924 5xlarge 1
84829 84882 tiny 8
84921 85078 5xlarge 8
84994 85174 5xlarge 5
85001 86472 2xlarge 4
85027 85173 6xlarge 7
85033 85136 2xlarge 6
85038 85156 3xlarge 0
85055 85194 medium 7
85060 85139 6xlarge 0
85062 85144 xlarge 2
85066 85141 medium 6
85066 85170 2xlarge 8
85067 85191 6xlarge 4
85078 85172 tiny 9
85080 85141 6xlarge 6
85264 85394 medium 7
85267 85413 6xlarge 9
85273 85406 medium 3
85283 85423 3xlarge 6
85297 85437 large 1
85302 85395 5xlarge 7
85312 85476 4xlarge 5
85318 85550 xlarge 2
85388 85558 2xlarge 6
85393 85510 3xlarge 3
85411 85507 6xlarge 7
85417 85514 6xlarge 4
85514 85623 medium 3
85527 86022 medium 7
85555 85655 2xlarge 7
85593 85744 large 7
85613 85791 xlarge 2
85623 85770 2xlarge 5
85637 85739 6xlarge 9
85642 85798 3xlarge 6
85651 85748 5xlarge 7
85669 85770 large 1
85672 85737 tiny 4
85720 85891 4xlarge 5
85725 87692 2xlarge 7
85848 90647 4xlarge 1
85857 85991 6xlarge 4
85859 85966 3xlarge 0
85860 86011 medium 6
85862 86255 3xlarge 3
85862 86029 6xlarge 0
85863 86339 large 7
85864 86000 6xlarge 6
85869 85976 5xlarge 5
85875 86001 tiny 9
85887 86007 2xlarge 8
85896 86353 medium 3
85901 86007 xlarge 2
85904 85986 xlarge 4
85910 85963 2xlarge 6
85960 86095 5xlarge 9
85967 86379 4xlarge 5
85968 86088 5xlarge 4
85990 86147 3xlarge 8
86020 86105 large 9
86072 86246 small 9
86089 86238 2xlarge 6
86090 86325 xlarge 2
86122 86386 medium 7
86127 86336 4xlarge 2
86128 86389 5xlarge 2
86131 86205 6xlarge 4
86134 86235 medium 4
86139 86324 small 5
86140 86276 xlarge 8
86142 86358 tiny 3
86148 86345 large 8
86213 86324 6xlarge 7
86316 86507 medium 4
86316 86483 xlarge 8
86398 86449 small 9
86457 86622 large 1
86464 86619 5xlarge 7
86467 86598 6xlarge 9
86492 86837 large 7
86553 86695 2xlarge 4
86555 86677 medium 7
86559 86759 5xlarge 1
86570 86673 2xlarge 3
86582 86687 small 7
86596 86721 4xlarge 5
86679 86956 2xlarge 9
86681 86870 xlarge 2
86719 87105 3xlarge 5
86738 86794 6xlarge 7
86745 87115 5xlarge 8
86824 86940 3xlarge 3
86858 86997 6xlarge 4
86871 86974 2xlarge 6
86871 86925 4xlarge 5
86873 86958 2xlarge 4
86928 87168 large 7
86984 87191 medium 7
87035 87412 2xlarge 6
87040 87222 xlarge 4
87043 87275 6xlarge 4
87044 87154 xlarge 1
87052 87178 2xlarge 8
87056 87225 medium 6
87062 87684 2xlarge 4
87065 87207 6xlarge 6
87075 87152 4xlarge 5
87077 87232 tiny 9
87079 87172 6xlarge 0
87081 87228 3xlarge 0
87089 87238 small 7
87090 87451 3xlarge 3
87099 87210 5xlarge 5
87113 87206 6xlarge 8
87117 87220 large 2
87120 87152 2xlarge 3
87321 87586 large 7
87394 87556 6xlarge 3
87410 87526 5xlarge 1
87425 87551 medium 7
87428 87555 3xlarge 9
87439 87527 6xlarge 5
87450 87590 medium 5
87452 87563 medium 2
87453 87597 small 8
87475 87561 tiny 1
87520 87640 4xlarge 5
87541 87652 large 1
87548 87692 3xlarge 6
87562 87691 6xlarge 9
87583 87656 5xlarge 7
87637 87819 large 7
87644 87806 large 2
87645 87782 3xlarge 0
87648 87792 3xlarge 3
87655 87778 6xlarge 0
87656 87769 tiny 9
87662 87754 2xlarge 6
87663 87769 6xlarge 4
87675 87768 2xlarge 8
87676 87819 xlarge 4
87677 87804 6xlarge 6
87680 87830 5xlarge 5
87686 87772 xlarge 1
87705 87785 6xlarge 8
87710 87779 medium 7
87712 87768 medium 6
87774 88153 4xlarge 5
87785 88406 2xlarge 4
87787 87956 2xlarge 3
87789 87998 2xlarge 7
87807 87935 small 7
87872 88035 tiny 9
87874 88021 6xlarge 6
87875 88047 xlarge 4
87880 88041 6xlarge 0
87896 88054 2xlarge 8
87901 88012 2xlarge 6
87904 88071 medium 6
87942 88354 large 7
87942 88018 6xlarge 4
87951 88037 3xlarge 0
87957 88034 5xlarge 5
87960 88023 3xlarge 3
87999 88161 6xlarge 7
88006 88178 tiny 8
88007 88187 large 8
88009 88183 5xlarge 2
88018 88531 medium 7
88038 88141 medium 3
88048 88542 small 7
88052 88552 2xlarge 3
88060 88276 5xlarge 1
88062 88193 tiny 2
88073 88188 xlarge 2
88074 88166 tiny 3
88133 88255 3xlarge 2
88174 88238 5xlarge 3
88178 88301 4xlarge 3
88266 88422 4xlarge 5
88308 88761 2xlarge 7
88354 88498 2xlarge 8
88358 88493 6xlarge 0
88368 88552 tiny 9
88368 88554 xlarge 4
88368 88511 6xlarge 6
88373 88548 3xlarge 0
88374 88541 6xlarge 4
88378 88525 3xlarge 5
88381 88482 2xlarge 6
88386 88516 4xlarge 4
88397 88552 3xlarge 3
88399 88477 5xlarge 8
88415 88507 large 2
88419 88483 small 6
88431 88542 5xlarge 5
88434 88546 medium 6
88476 88675 5xlarge 9
88515 88659 3xlarge 8
88532 88729 4xlarge 5
88552 89107 2xlarge 4
88621 89216 medium 7
88721 89106 large 7
88724 88890 2xlarge 3
88725 88896 5xlarge 0
88725 88847 5xlarge 1
88735 88860 xlarge 2
88740 88874 4xlarge 2
88744 88878 small 7
88750 88846 5xlarge 2
88768 88873 6xlarge 7
88769 88866 medium 3
88780 88836 tiny 1
88783 88868 small 5
88784 88852 tiny 3
88792 88914 tiny 2
88796 88869 large 8
88847 88958 4xlarge 5
88894 89196 2xlarge 7
88991 89135 2xlarge 6
89024 89318 3xlarge 3
89076 89361 5xlarge 7
89081 89195 5xlarge 1
89083 89262 small 8
89093 89194 tiny 1
89119 89276 3xlarge 9
89125 89200 6xlarge 3
89132 89257 6xlarge 9
89138 89227 6xlarge 5
89141 89262 large 1
89143 89270 medium 2
89147 89243 3xlarge 6
89219 89508 4xlarge 5
89264 89475 2xlarge 4
89313 89440 medium 3
89329 89598 medium 7
89385 90892 large 7
89453 89573 tiny 2
89468 89552 xlarge 2
89472 89582 6xlarge 7
89476 89589 5xlarge 1
89573 89805 4xlarge 5
89595 89806 2xlarge 4
89605 89822 5xlarge 9
89613 89802 3xlarge 8
89616 89686 small 6
89628 90040 2xlarge 7
89696 89818 5xlarge 7
89743 89852 3xlarge 3
89752 89980 medium 7
89753 89798 5xlarge 8
89798 90047 medium 3
89852 89999 xlarge 2
89865 90087 tiny 3
89875 89988 6xlarge 7
89932 90078 large 8
89983 90079 5xlarge 2
90036 90290 3xlarge 3
90059 90163 2xlarge 6
90066 90212 6xlarge 4
90081 90174 xlarge 2
90088 90450 2xlarge 4
90170 90301 5xlarge 1
90185 90339 medium 7
90189 90463 2xlarge 3
90209 90816 2xlarge 7
90213 90426 small 7
90213 90351 3xlarge 2
90341 90398 4xlarge 5
90393 90585 5xlarge 1
90417 90563 medium 7
90514 90662 large 9
90539 90937 4xlarge 5
90541 90910 2xlarge 4
90542 90708 2xlarge 9
90549 90712 5xlarge 8
90553 90653 3xlarge 8
90559 90691 xlarge 8
90567 90687 small 9
90580 90631 3xlarge 5
90586 90712 medium 4
90588 90673 5xlarge 9
90599 90681 5xlarge 4
90673 90812 5xlarge 7
90685 90827 3xlarge 3
90696 91488 medium 7
90759 90885 5xlarge 0
90761 90892 large 8
90782 90899 medium 3
90795 90928 4xlarge 2
90800 90896 tiny 3
90801 90910 5xlarge 2
90807 92860 4xlarge 1
90813 90944 small 5
90922 91023 2xlarge 6
90928 91158 3xlarge 3
90931 91011 2xlarge 7
90940 90998 6xlarge 4
90996 91506 large 7
91002 91194 small 7
91002 91137 3xlarge 2
91005 91396 5xlarge 8
91066 91156 2xlarge 3
91072 91411 3xlarge 5
91150 91252 2xlarge 4
91172 91261 5xlarge 1
91184 91317 4xlarge 5
91197 91355 2xlarge 7
91273 91420 tiny 2
91288 91499 3xlarge 3
91300 91421 xlarge 2
91307 91355 6xlarge 7
91360 91483 6xlarge 0
91363 91525 2xlarge 4
91371 91474 large 2
91376 91497 2xlarge 8
91381 91553 medium 3
91385 91558 5xlarge 1
91391 91554 xlarge 1
91397 91553 tiny 9
91398 91503 xlarge 4
91399 91526 6xlarge 6
91402 91523 medium 6
91420 91521 6xlarge 4
91426 91532 2xlarge 6
91437 91545 3xlarge 0
91437 91552 5xlarge 5
91511 92629 2xlarge 7
91511 91604 5xlarge 8
91514 91613 3xlarge 5
91611 91734 large 7
91619 91752 xlarge 2
91625 91754 5xlarge 1
91636 91745 3xlarge 3
91639 92124 2xlarge 4
91641 91750 medium 7
91716 91912 small 0
91737 91864 5xlarge 9
91749 91864 5xlarge 4
91762 92152 4xlarge 5
91780 91876 large 9
91799 91840 3xlarge 8
91800 91893 5xlarge 8
91853 91995 large 7
91856 92010 small 7
91920 92029 2xlarge 3
92028 92100 3xlarge 3
92031 92153 medium 7
92034 92092 2xlarge 6
92082 92268 2xlarge 3
92108 92269 small 7
92150 92375 large 7
92318 92478 large 1
92321 92617 2xlarge 4
92338 92488 6xlarge 9
92348 92617 4xlarge 5
92373 92717 medium 7
92392 92477 5xlarge 7
92395 92637 5xlarge 1
92435 92554 small 9
92449 92603 xlarge 8
92469 92565 3xlarge 8
92471 92628 tiny 3
92477 92612 5xlarge 9
92489 92622 medium 3
92491 92840 large 7
92510 92555 medium 4
92554 92747 5xlarge 7
92570 92696 3xlarge 5
92585 92726 5xlarge 8
92602 92756 large 1
92636 92739 6xlarge 9
92674 92798 2xlarge 3
92683 92949 2xlarge 4
92686 93179 2xlarge 7
92711 92878 small 7
92716 92832 xlarge 2
92835 93414 medium 7
92851 92918 3xlarge 3
92917 93217 large 7
92919 93171 3xlarge 5
92920 96181 4xlarge 1
92969 93194 5xlarge 8
93095 93334 5xlarge 1
93161 93272 large 8
93206 93402 tiny 3
93212 93399 medium 3
93235 93460 5xlarge 2
93272 93455 6xlarge 4
93279 93454 2xlarge 6
93285 93423 6xlarge 9
93287 93472 5xlarge 7
93287 93407 6xlarge 0
93297 93478 xlarge 4
93302 93400 2xlarge 8
93306 93460 medium 6
93318 93399 large 1
93318 93392 3xlarge 3
93323 93445 6xlarge 6
93325 93450 3xlarge 0
93325 93420 5xlarge 5
93339 93421 5xlarge 8
93358 93425 tiny 9
93396 93695 2xlarge 7
93430 93592 4xlarge 5
93431 93589 xlarge 2
93445 93525 6xlarge 7
93474 93599 2xlarge 4
93480 93517 large 7
93516 93665 3xlarge 2
93519 93674 tiny 3
93523 93644 medium 3
93524 93701 5xlarge 2
93554 93691 2xlarge 3
93562 93662 small 7
93564 93635 4xlarge 2
93576 93717 large 8
93599 93700 small 5
93638 93780 4xlarge 5
93710 94021 large 7
93712 93813 2xlarge 4
93785 93917 medium 7
93798 93887 2xlarge 7
93873 94042 2xlarge 4
93882 94055 5xlarge 8
93914 94176 medium 3
93914 93996 3xlarge 5
93924 94040 2xlarge 9
93945 94018 4xlarge 5
93998 94169 tiny 3
94000 94248 medium 7
94024 94113 4xlarge 2
94026 94167 large 8
94040 94192 5xlarge 2
94044 94195 small 5
94063 94115 5xlarge 0
94076 94185 small 6
94125 94259 large 7
94180 94318 xlarge 2
94180 94242 5xlarge 1
94197 94403 2xlarge 7
94242 94425 2xlarge 3
94289 94432 small 7
94352 94875 xlarge 2
94354 94473 tiny 2
94372 94503 2xlarge 4
94397 94542 tiny 8
94407 94981 large 7
94409 94533 3xlarge 7
94416 94511 medium 9
94417 95472 medium 7
94420 94874 6xlarge 7
94424 94550 3xlarge 3
94483 94644 5xlarge 7
94555 94717 medium 3
94601 94970 3xlarge 3
94601 94793 4xlarge 5
94604 94775 3xlarge 5
94648 94854 2xlarge 3
94652 94898 small 7
94653 94714 5xlarge 2
94658 94795 5xlarge 8
94661 94774 tiny 3
94664 94723 small 5
94665 94784 large 8
94668 94728 2xlarge 7
94670 94972 5xlarge 1
94673 94790 2xlarge 9
94674 94743 2xlarge 4
94674 94791 5xlarge 0
94677 94764 4xlarge 2
94715 94899 tiny 8
94715 94916 medium 9
94719 94855 medium 6
94736 94847 5xlarge 7
94739 94911 6xlarge 6
94742 94878 3xlarge 0
94753 94839 tiny 2
94758 94850 tiny 6
94763 94869 2xlarge 8
94767 94903 4xlarge 8
94775 94885 3xlarge 7
94777 94879 2xlarge 6
94783 94872 tiny 9
94789 94839 5xlarge 5
94790 94894 6xlarge 0
94797 94849 6xlarge 4
94844 95480 2xlarge 7
94869 95103 4xlarge 5
94919 95505 2xlarge 4
94954 95091 5xlarge 9
95004 95099 small 0
95006 95074 large 9
95009 95092 5xlarge 4
95024 95131 3xlarge 8
95081 95358 large 8
95081 95261 xlarge 3
95084 95346 6xlarge 7
95092 95344 4xlarge 2
95093 95278 small 7
95093 95217 2xlarge 3
95100 95379 tiny 3
95102 95342 5xlarge 2
95107 95320 tiny 8
95117 95387 small 5
95117 95634 large 7
95124 95321 tiny 2
95128 95311 xlarge 2
95133 95338 medium 3
95137 95255 2xlarge 9
95153 95256 3xlarge 5
95155 95395 5xlarge 8
95160 95200 xlarge 6
95193 95370 5xlarge 0
95199 95373 3xlarge 7
95221 95315 3xlarge 3
95256 95495 5xlarge 1
95312 95452 3xlarge 6
95326 95503 4xlarge 5
95327 95501 large 1
95327 95474 6xlarge 9
95330 95454 3xlarge 1
95347 95515 5xlarge 7
95357 95487 3xlarge 4
95372 95488 small 4
95378 95518 2xlarge 0
95381 95448 tiny 4
95394 95433 medium 1
95394 95454 2xlarge 5
95432 95563 2xlarge 6
95439 95598 6xlarge 4
95446 95587 xlarge 2
95458 95580 6xlarge 7
95462 95617 tiny 2
95493 95699 3xlarge 3
95573 95852 5xlarge 1
95610 95846 medium 7
95612 95697 2xlarge 7
95683 95848 medium 2
95707 95873 6xlarge 3
95746 95823 tiny 1
95755 96322 large 7
95814 96226 2xlarge 7
95829 95996 3xlarge 3
95839 95990 2xlarge 6
95861 96080 2xlarge 4
95912 96087 6xlarge 7
95914 96045 medium 3
95923 96068 large 8
95927 96084 4xlarge 5
95939 96059 small 5
95947 96064 xlarge 2
95956 96093 5xlarge 2
95960 96573 medium 7
95964 96069 4xlarge 2
95974 96094 tiny 3
95991 96099 5xlarge 1
96046 96197 6xlarge 9
96053 96359 3xlarge 3
96078 96349 5xlarge 7
96084 96206 large 1
96100 96235 3xlarge 6
96160 96392 2xlarge 4
96170 96275 5xlarge 1
96273 96400 4xlarge 5
96306 96468 2xlarge 7
96346 96523 4xlarge 1
96395 96554 2xlarge 6
96451 96572 6xlarge 4
96454 96576 large 7
96463 96874 3xlarge 3
96477 96538 5xlarge 1
96514 97012 2xlarge 3
96514 96701 5xlarge 9
96524 97049 small 7
96526 96651 3xlarge 8
96527 96945 2xlarge 7
96535 96704 5xlarge 4
96550 96664 large 9
96551 96758 4xlarge 5
96561 96765 5xlarge 8
96576 96793 2xlarge 4
96578 96716 3xlarge 5
96637 96807 medium 7
96651 96818 6xlarge 7
96660 97599 4xlarge 1
96661 96796 xlarge 2
96687 96943 large 7
96800 96950 xlarge 8
96827 96929 small 9
96832 96943 medium 4
96891 97016 4xlarge 4
