#base_trace: teragrid, config_file: configs/journal/day1/config100-long-high.xml, total_servers: 100, total_time: 86400, time_dist_mean: 0.688000, time_dist_stdev: 0.531000, node_dist_mean: -1.408000, node_dist_stdev: 1.907000
0 1021 medium 2
0 146 medium 14
0 105 large 0
171 540 large 10
249 572 small 12
253 474 xlarge 10
475 666 tiny 16
670 1082 large 10
988 1252 tiny 15
1237 1657 large 10
1248 1789 small 12
1446 1613 medium 2
1470 1984 large 14
1586 2021 xlarge 10
2097 2957 medium 2
2139 2731 large 10
2162 2851 large 14
2315 2866 small 12
2368 2636 medium 14
2615 2847 large 8
2648 2744 xlarge 16
2669 2943 xlarge 5
3176 3370 medium 14
3285 3390 large 0
3347 4860 medium 2
3431 3849 large 14
3476 3809 medium 17
3519 3838 large 10
4004 4315 xlarge 1
5576 5805 large 14
6200 7440 medium 2
6391 6717 xlarge 1
6557 6765 large 0
7256 7604 tiny 16
7283 7563 xlarge 6
7471 7560 large 5
7484 7685 large 0
7639 7999 xlarge 10
7947 8672 medium 2
8274 8447 tiny 16
8599 8827 tiny 15
8612 8760 tiny 18
8804 9138 medium 2
8987 9065 tiny 16
9121 9562 medium 14
9817 10028 medium 2
10266 10671 large 10
10389 11308 medium 2
10903 11138 large 8
10979 11192 small 12
11055 11391 large 10
11076 11356 xlarge 5
11216 11593 xlarge 10
11516 11756 large 10
11534 11746 medium 2
12060 12387 xlarge 10
12074 12471 medium 2
12432 12871 xlarge 1
12661 12951 large 10
12697 13151 large 8
12722 13083 small 12
12774 12940 xlarge 5
12777 13168 medium 2
13001 13277 xlarge 7
13024 13338 xlarge 1
13153 13379 medium 13
14022 14208 xlarge 1
14061 14256 large 14
14072 14233 medium 14
15255 15502 large 14
15705 16066 xlarge 5
15709 16049 large 10
15719 16159 large 8
15735 16182 medium 2
15767 16084 small 12
15966 16278 large 16
16094 16428 xlarge 1
16102 16447 small 1
16115 16357 xlarge 10
16756 17086 large 0
16900 17247 large 14
17784 18078 medium 2
17810 18105 large 8
17858 18114 xlarge 5
17928 18129 small 12
17968 18260 large 10
18055 18356 tiny 16
18444 18773 xlarge 10
19538 19999 small 6
19593 20022 xlarge 10
19635 19975 large 16
19762 20024 small 1
19932 20387 medium 2
19998 20132 large 14
20016 20244 large 10
20063 20147 small 12
20373 20524 tiny 16
20837 21033 large 14
21039 21512 small 12
21099 21553 medium 2
21215 21427 large 10
21291 21561 medium 14
21406 21703 large 14
21785 22051 xlarge 1
22005 22458 tiny 15
22446 22720 small 9
22453 22581 medium 14
22853 23521 large 10
23050 23393 xlarge 1
23068 23444 medium 2
23772 24042 xlarge 10
24564 24764 large 0
25272 25790 medium 14
25292 25668 tiny 16
25466 25745 large 15
25480 25601 xlarge 17
26852 27045 large 10
26926 28353 medium 2
27236 27466 large 14
27554 27859 tiny 16
27648 28491 large 10
27934 28438 large 8
27941 28482 tiny 16
28068 28275 large 16
28129 28247 xlarge 5
28133 28333 small 12
28184 28484 large 14
28190 28255 small 1
28576 29391 large 14
30445 30985 large 10
30461 31141 medium 2
30683 31008 xlarge 1
32306 32485 large 14
32759 33146 tiny 16
32875 33038 large 10
32883 33060 medium 2
32892 33036 large 14
33672 34198 medium 2
34233 35243 medium 2
34302 35171 large 10
34660 34848 tiny 16
34834 35143 small 12
34951 35225 xlarge 16
34981 35260 small 15
35064 35338 xlarge 5
35094 35347 large 8
35838 36107 medium 2
35985 36174 large 0
36731 37383 medium 2
36940 37489 large 10
37610 38080 tiny 16
37786 37921 medium 2
38678 38938 medium 14
39047 39492 small 6
39076 39422 xlarge 5
39077 39522 small 12
39113 39548 large 8
39200 39516 medium 2
39230 39501 xlarge 10
39279 39532 large 10
39653 40060 large 14
39972 40496 medium 14
40250 40733 large 10
40463 40734 medium 2
41586 41955 medium 2
41625 41834 large 10
42191 42383 large 14
42803 43169 xlarge 10
42871 43039 small 6
44614 44841 tiny 15
44866 45261 tiny 16
45218 45427 medium 2
45260 45553 large 10
47495 47884 tiny 3
48344 48967 large 10
48492 48948 medium 2
49384 49549 tiny 16
50504 50980 large 10
50674 50959 medium 2
51129 51544 large 15
51172 51525 tiny 16
51200 51463 xlarge 17
52039 52283 small 1
52192 52333 large 16
52661 53041 medium 2
52687 52977 large 10
53787 54174 large 5
53831 54218 xlarge 6
53961 54207 large 0
54162 54386 medium 2
54351 55070 xlarge 10
54652 55178 xlarge 1
54699 55131 small 6
54859 54968 medium 14
55482 55679 large 14
55742 56304 tiny 16
55992 56146 large 14
56476 56941 xlarge 1
56653 56991 medium 2
56655 56740 large 14
57107 57546 small 12
57187 57435 medium 2
57283 57401 large 10
57962 58297 large 14
58245 58661 tiny 15
58713 58929 large 14
59550 59855 tiny 16
59610 60827 medium 2
59659 59922 xlarge 10
59734 60163 tiny 18
59783 60097 tiny 19
59993 60246 tiny 15
60104 60567 large 14
60546 60689 small 12
60575 60793 large 10
61197 61332 xlarge 10
61490 61709 large 14
61691 62045 tiny 15
62143 62565 small 10
62164 62610 xlarge 1
62211 62439 xlarge 7
62256 62522 xlarge 4
62333 62509 medium 13
62464 63288 small 12
62535 63211 medium 2
62592 63284 large 10
62671 62795 large 14
62764 63163 xlarge 1
63528 63851 xlarge 10
63830 64330 medium 2
64072 64706 large 14
64133 64380 xlarge 10
64887 65158 tiny 18
65043 65283 xlarge 0
65059 65324 tiny 19
65089 65394 tiny 15
65521 66154 large 14
65925 66250 large 0
66550 66748 xlarge 7
66553 66824 xlarge 1
66726 67187 xlarge 10
66889 67117 medium 2
67484 68262 medium 2
67534 68080 small 12
67605 67938 large 8
67657 68032 xlarge 16
67700 68079 xlarge 5
67709 68008 large 10
69081 69765 large 14
69640 69972 medium 2
70599 70877 xlarge 1
70661 70832 xlarge 7
71138 71571 xlarge 1
71156 71989 tiny 15
71570 71953 tiny 18
71592 71776 xlarge 0
71656 71792 tiny 19
73947 74244 large 14
75080 75460 medium 2
75109 75495 large 14
75277 75353 large 10
75578 75892 tiny 16
75952 76297 xlarge 1
76476 76623 medium 2
77250 77530 large 14
77375 78193 medium 2
77763 78080 small 1
77853 78040 large 10
77880 78120 large 16
77962 78050 small 12
78388 78721 xlarge 16
78409 78766 medium 2
78520 78823 large 10
78540 78838 xlarge 5
78568 78640 large 8
78571 78776 small 12
79001 79582 medium 2
80273 80553 tiny 16
80361 80522 xlarge 10
80684 81419 medium 2
81081 81417 large 10
81862 82086 large 0
82115 82398 large 14
82992 83150 tiny 15
83510 83799 medium 14
84073 84385 large 14
84102 84659 large 10
84182 84745 medium 2
84488 84676 xlarge 10
84537 84798 large 16
84587 84892 small 1
84992 85394 xlarge 6
85156 85357 large 5
85191 85337 large 0
87050 87420 large 10
87065 87434 medium 2
87083 87502 tiny 15
87546 87820 tiny 3
87978 88432 large 14
88026 88444 tiny 15
91002 91390 large 14
91116 91395 tiny 16
91163 91443 large 10
91196 91420 medium 2
92175 92438 small 12
92206 92526 xlarge 5
92214 92622 large 10
92257 92527 xlarge 16
92340 92605 medium 2
92397 92482 large 8
92592 92759 tiny 15
94237 95032 medium 2
94287 94926 large 10
94348 94540 xlarge 1
95770 96129 xlarge 1
97143 97489 large 14
97674 97904 xlarge 10
99666 100160 small 1
99834 100055 large 16
101055 101178 large 0
103160 103247 large 10
103176 103324 medium 2
103606 104000 medium 14
104146 104462 large 16
104176 104615 small 1
104247 104555 large 14
104464 104852 medium 2
104580 104888 tiny 16
104665 104735 large 10
104768 105176 medium 14
106243 106704 medium 2
106284 106636 large 10
107820 108518 large 14
107879 108240 tiny 16
107992 108546 xlarge 10
108261 108529 small 6
108406 109115 large 10
108449 108749 xlarge 1
108585 109109 medium 2
109321 109792 xlarge 10
109602 109935 tiny 15
109936 110322 medium 2
110100 110366 large 10
110224 111109 large 14
110471 110811 medium 2
110511 110775 large 8
110528 110865 small 12
110601 110797 large 10
110615 110823 xlarge 5
111410 111834 large 0
111665 112076 large 10
111743 111969 large 8
111792 112163 small 12
111805 112102 medium 2
111967 112438 medium 14
112487 112752 large 14
113263 113647 large 16
113316 113532 tiny 16
113354 113526 small 1
113865 114166 large 0
114690 115124 tiny 16
115621 115982 xlarge 10
116674 116817 tiny 16
116797 117200 xlarge 1
117105 117461 xlarge 10
117361 117670 xlarge 5
117463 117882 medium 2
117484 117747 xlarge 16
117508 117876 small 12
117525 117807 large 8
117579 117785 large 10
118584 119134 xlarge 10
119595 119861 medium 14
119616 119861 small 9
121430 121633 tiny 16
121564 121957 large 14
122021 122244 xlarge 10
122051 122245 small 6
122560 122853 large 14
122563 122744 large 0
123070 123421 medium 2
123076 123497 large 10
124265 124711 medium 2
124371 124597 large 14
124468 124625 large 10
125079 125369 tiny 15
125491 125893 xlarge 16
125505 125865 xlarge 5
125550 125814 large 8
125610 125804 medium 2
125652 125870 small 12
125685 125769 large 10
125989 126175 large 14
126058 126843 medium 2
126155 126792 large 10
126544 126651 medium 14
126950 127344 large 15
127036 127239 tiny 16
127119 127459 xlarge 17
128260 128675 large 10
128272 128464 large 8
128309 128610 medium 2
128372 128632 xlarge 5
128394 128658 small 12
128672 128859 tiny 16
130112 130297 large 14
130436 130750 xlarge 1
130853 131174 xlarge 1
131199 131677 medium 14
131360 131562 small 9
131757 132049 large 5
131837 132200 large 0
132000 132184 xlarge 6
133145 133329 xlarge 6
133178 133478 large 0
134453 134737 medium 2
134472 135219 large 14
134484 134814 small 12
134521 134832 large 8
134536 134830 large 10
137944 138104 xlarge 1
138087 138444 large 14
138117 138516 medium 2
138198 138380 large 10
138332 138666 tiny 15
138423 138721 tiny 19
138486 138782 tiny 18
139618 139927 large 14
139680 139999 tiny 15
139733 139994 tiny 18
139963 140229 xlarge 10
140600 140753 large 14
141285 141578 xlarge 10
141692 142088 medium 14
142861 143369 large 14
143011 143269 xlarge 10
144153 144453 xlarge 1
144819 145158 large 15
144871 145055 tiny 16
146642 146896 xlarge 1
147096 147762 xlarge 1
148161 148323 large 0
148766 148927 xlarge 1
152468 152999 tiny 16
153239 153577 tiny 16
153870 154037 xlarge 10
154622 155002 xlarge 10
154916 155146 large 10
155040 155349 medium 2
157003 157472 large 14
157760 157906 large 14
158687 158937 large 14
159185 159518 xlarge 1
160795 161067 large 14
161905 162088 tiny 16
162042 162461 medium 2
162256 162380 large 10
162588 162705 xlarge 10
162948 163370 large 14
163551 163838 large 10
163603 163852 medium 2
163691 164047 xlarge 10
164297 164635 xlarge 10
164692 164771 tiny 16
166083 166728 xlarge 10
166121 166738 large 14
166138 166457 small 6
167040 167163 medium 14
167476 167983 large 10
167625 167945 medium 2
168199 168473 xlarge 10
168215 168545 xlarge 17
168240 168463 tiny 16
168240 168449 large 15
168776 169188 xlarge 10
168811 169152 xlarge 1
171219 171437 large 16
171282 171401 small 1
171495 171755 tiny 16
172313 172875 large 10
172432 172859 medium 2
172558 173058 xlarge 16
172593 172885 small 12
172687 173037 large 14
172731 172986 large 8
172753 172929 xlarge 5
172955 173316 xlarge 1
174440 174882 large 10
174469 174759 medium 2
175645 175932 large 0
176184 176449 large 8
176241 176473 medium 2
176243 176573 large 10
176386 176696 small 12
179868 180099 large 0
180356 180865 xlarge 10
183218 183532 tiny 16
183693 183957 large 14
184536 185039 large 14
184702 185054 tiny 16
185302 185505 large 14
187249 187620 large 10
187263 187661 medium 2
188163 188517 tiny 16
188281 188519 medium 14
188330 188504 small 9
188752 189237 small 1
188756 189259 medium 2
188760 189092 large 10
188895 189131 large 14
188951 189034 large 16
189283 189363 xlarge 1
190260 190629 xlarge 10
190416 190570 small 6
191086 191212 xlarge 10
191877 192295 large 10
191952 192247 medium 2
192471 192650 medium 2
192488 192761 large 10
192846 193021 tiny 16
192953 193286 medium 2
192965 193317 xlarge 5
193046 193362 large 8
193067 193291 small 12
193124 193399 large 10
193401 193718 tiny 16
194694 194950 large 14
195354 195840 large 10
195425 195637 large 8
195453 195719 medium 2
195544 195712 small 12
196484 196630 xlarge 1
197392 197495 xlarge 10
200798 201130 tiny 16
201464 201742 tiny 15
202268 202762 small 19
202339 202723 medium 10
202380 202727 medium 4
202399 202613 medium 17
202445 202769 large 14
203479 203844 large 14
203753 204091 tiny 16
203933 204297 large 15
204182 204408 large 14
205058 205277 tiny 15
205308 205531 xlarge 17
205339 205793 tiny 16
205391 205763 large 7
205475 205533 large 15
205615 205843 xlarge 10
208863 209184 large 17
208995 209357 xlarge 10
209048 209310 small 6
209070 209264 small 14
209451 209999 tiny 18
209621 209967 tiny 16
209654 209760 tiny 15
210873 211042 large 14
211232 211538 tiny 3
211351 211775 small 12
211376 211547 large 10
211460 211617 large 8
211467 211563 medium 2
211740 211921 large 14
211792 211904 xlarge 10
214028 214460 xlarge 10
214238 214756 tiny 16
215772 216231 large 10
215787 216096 xlarge 5
215802 216153 small 12
215928 216054 xlarge 16
215955 216072 large 8
215985 216240 medium 2
216219 216414 large 14
216398 216735 tiny 15
216720 217030 large 0
216895 217032 medium 14
216974 217410 xlarge 1
217118 217302 large 14
218471 218849 xlarge 7
218630 218780 xlarge 1
218650 219224 medium 2
218656 219156 large 10
218657 219221 small 12
219219 219595 xlarge 1
220636 221010 large 10
220691 221059 medium 2
220741 220923 large 14
220852 221132 small 1
221069 221188 large 16
221942 222161 large 14
222095 222344 large 10
222245 222451 medium 2
222457 222734 tiny 16
222963 223328 large 14
223181 223427 medium 17
223412 223717 xlarge 10
225062 225416 small 12
225108 225439 large 10
225251 225454 xlarge 1
225282 225468 medium 2
228558 228724 large 14
229598 230502 medium 2
229757 230363 small 12
229798 230589 large 10
230153 230488 xlarge 10
230224 230460 tiny 16
230459 230806 tiny 18
230677 230956 tiny 15
230744 231451 large 14
231659 231997 small 1
231664 232003 large 14
231673 232037 large 10
231687 232024 medium 2
231745 231950 small 6
231802 232088 large 16
231893 232111 xlarge 10
232282 232765 tiny 15
232324 232584 small 12
232373 232573 large 10
232432 232696 medium 2
232995 233178 xlarge 10
233268 233552 medium 2
233381 233478 large 10
233437 233934 xlarge 10
234415 234827 large 14
234852 235005 tiny 15
236823 237262 large 0
236845 237142 tiny 15
237205 237866 large 14
237730 238073 small 12
237764 238097 large 10
237766 238104 xlarge 10
237816 237981 medium 2
238568 238838 large 14
238859 239166 medium 14
239212 239456 medium 2
239227 239449 xlarge 5
239241 239440 large 10
239307 239437 small 12
239325 239617 large 8
239384 239657 xlarge 16
239646 239972 xlarge 1
240383 240897 large 10
240488 240740 medium 2
241083 241283 small 9
241182 241394 medium 14
241282 241615 tiny 16
241359 241600 large 16
241401 241786 small 1
241999 242178 xlarge 1
242160 242675 large 10
242177 242498 medium 2
242526 242814 large 14
243341 243876 large 14
243797 244098 medium 2
243798 244140 large 10
244282 245271 large 14
245935 246208 xlarge 1
246106 246530 large 10
246188 246351 medium 2
246777 247187 small 1
247569 247881 large 8
247651 247957 small 12
247731 247972 medium 2
247732 248053 xlarge 5
247758 247946 large 10
247767 247841 xlarge 10
247964 248341 large 0
248011 248347 xlarge 6
249278 249589 large 14
249652 250113 large 10
249666 249932 small 12
249678 250089 large 5
249751 249969 medium 2
249751 250095 large 14
249771 250146 large 0
249820 250043 xlarge 6
250961 251256 large 10
251056 251299 medium 2
251183 251691 xlarge 10
252283 252413 large 10
252299 252388 medium 2
253763 254168 large 14
253966 254211 xlarge 10
255352 255880 medium 2
255471 255848 large 10
256168 256703 large 14
259312 259557 large 10
259427 259776 medium 2
262583 263082 medium 2
262617 262918 small 12
262639 262953 large 10
263154 263568 large 10
263202 263572 medium 2
264405 264678 small 1
265622 265839 xlarge 10
265654 265986 small 6
265661 265898 large 14
269874 270188 tiny 18
269984 270084 tiny 15
270369 270727 medium 2
270417 270667 small 12
270496 270791 large 10
270682 271013 xlarge 10
270946 271309 tiny 15
271034 271397 tiny 18
271424 271581 large 14
271885 272769 large 14
272205 272565 xlarge 10
272763 273560 small 12
272917 273517 large 10
272936 273066 small 1
272994 273442 medium 2
273702 274079 tiny 16
274267 275063 medium 2
274675 275197 large 14
276127 276567 xlarge 10
276664 276986 small 12
276690 276957 large 10
276769 277123 medium 2
276980 277296 large 14
277038 277353 tiny 16
277482 277775 xlarge 10
278271 278563 large 14
278753 279276 small 12
278816 279299 large 10
278963 279214 medium 2
279469 279661 small 12
279480 279648 medium 2
279514 279633 large 10
280172 280313 small 1
280683 281033 large 14
280771 281025 medium 2
283131 283308 xlarge 10
283388 283705 tiny 15
283477 283625 tiny 18
284770 285090 medium 2
285035 285513 tiny 16
285856 285978 medium 2
286031 286419 large 14
288296 288558 tiny 15
290830 291211 medium 2
291130 291825 large 14
292148 292327 medium 2
292993 293232 large 0
293069 293363 xlarge 6
294193 294439 large 14
294200 294574 tiny 15
296645 296794 tiny 16
297159 297457 medium 2
297392 298142 large 14
297846 298141 large 16
297849 298168 small 1
298467 298743 medium 2
299870 300068 large 14
300422 300889 large 14
300769 301064 tiny 16
301935 302307 medium 2
301965 302368 large 10
302053 302227 small 12
306149 306535 small 6
306163 306510 medium 14
306237 306442 xlarge 10
306261 306489 small 9
307323 307584 large 14
308816 309205 medium 2
311016 311490 large 14
311038 311252 medium 2
313091 313320 medium 2
313654 314026 medium 2
314171 314513 tiny 16
314602 314876 xlarge 1
315185 315558 xlarge 10
315447 315834 large 14
315856 316139 tiny 16
315990 316377 xlarge 10
316067 316480 small 1
316148 316457 small 6
316273 316598 small 12
316285 316790 medium 2
316317 316565 large 8
316319 316667 xlarge 16
316333 316660 xlarge 5
316444 316738 large 10
317447 317928 large 14
318949 319353 small 1
319025 319448 large 4
319074 319368 large 16
322017 322400 tiny 15
324340 324947 medium 2
326789 327201 large 10
326795 327188 medium 2
326833 327084 large 8
326860 327096 xlarge 5
326908 327261 small 12
330191 330510 tiny 16
330366 330665 medium 2
330586 330700 large 14
331314 331761 medium 2
332206 332666 xlarge 1
332368 332449 large 14
332481 332821 medium 14
332578 332796 small 9
334840 335329 xlarge 1
335984 336069 medium 2
337333 337572 large 0
337345 337535 xlarge 6
337426 337600 large 5
337453 337582 xlarge 1
337557 337846 large 14
337999 338370 medium 2
342140 342334 medium 2
342500 342865 tiny 15
342519 342878 tiny 18
342960 343452 xlarge 10
343662 343883 small 1
343790 344077 large 16
344074 344296 large 14
344214 344623 xlarge 10
344471 344912 tiny 16
344514 344906 small 1
345572 345667 tiny 16
347469 347856 large 14
349789 349967 large 14
350495 350780 tiny 16
351386 351709 large 10
351429 351845 large 0
351438 351692 tiny 3
351484 351763 small 12
351557 351866 medium 2
351793 352159 tiny 16
352062 352423 medium 2
352134 352318 large 14
352594 353226 large 14
353011 353253 medium 2
353026 353265 small 12
353074 353204 large 10
353477 353948 xlarge 10
353689 353994 medium 2
353979 354206 large 0
354129 354343 xlarge 10
355358 355725 small 1
355759 355863 tiny 15
356328 356442 large 14
356548 356768 xlarge 10
356760 357226 medium 2
356928 357254 large 14
358692 359097 small 1
361237 361608 medium 2
361581 361849 large 14
363134 363472 large 14
364848 365259 medium 2
368136 368659 medium 2
369940 370243 medium 2
370011 370333 large 8
370072 370441 xlarge 16
370118 370255 small 12
370135 370455 large 10
370157 370403 xlarge 5
370536 370971 xlarge 10
370680 370938 small 6
371062 371307 large 14
371740 372123 small 12
371778 372156 xlarge 5
371866 372102 medium 2
371888 372263 large 10
371896 372092 xlarge 16
371982 372193 large 8
372150 372426 xlarge 10
372722 373008 large 14
374281 374489 xlarge 10
375399 375853 xlarge 10
376538 376849 tiny 16
376542 376931 large 8
376591 376889 medium 2
376684 377086 xlarge 5
376705 377067 large 10
376720 376958 small 12
376769 377005 xlarge 16
378140 378554 small 12
378179 378500 large 10
378296 378773 medium 2
380843 381595 large 14
384849 385058 medium 14
385095 385485 large 14
385880 386312 medium 14
385947 386315 small 9
386452 386978 medium 2
386680 386901 large 10
388896 389247 xlarge 5
388961 389325 small 12
389013 389207 medium 2
389026 389260 xlarge 16
389028 389275 large 10
389078 389171 large 8
390045 390457 large 16
390180 390521 large 4
390297 390401 small 1
390555 390951 large 14
391450 391709 medium 2
391854 392198 large 8
391894 392133 large 10
391912 392195 medium 2
391913 392268 xlarge 5
392032 392235 small 12
392138 392562 xlarge 1
392436 392980 large 14
393177 393542 medium 2
393251 393341 large 10
393668 394066 large 14
395653 395988 tiny 16
396219 396524 large 10
396289 396545 medium 2
396642 397032 large 10
396855 397066 medium 2
397580 397834 tiny 16
402042 402405 tiny 3
402067 402562 large 14
402636 403060 xlarge 1
403005 403238 tiny 16
406441 406782 medium 2
406894 407235 medium 2
407282 407454 large 14
408131 408415 large 14
408743 408982 large 14
410180 410576 xlarge 1
410950 411268 medium 2
412300 412727 large 14
412895 413396 large 14
417783 417933 large 14
417784 417999 tiny 16
419004 419385 large 14
423965 424365 large 14
424314 424583 xlarge 10
425274 425542 large 8
425328 425574 large 10
425341 425431 xlarge 5
425363 425551 small 12
425364 425653 medium 2
429397 429895 small 12
429443 429715 large 8
429508 429645 xlarge 5
429529 429761 medium 2
429560 429771 large 10
431811 432094 xlarge 10
431856 432394 medium 2
431972 432048 large 10
432493 432754 large 14
433434 434015 medium 2
433860 434216 medium 14
433932 434293 large 14
434142 434928 medium 2
434509 434974 tiny 15
435089 435520 medium 2
435351 435676 tiny 16
435360 435941 xlarge 10
436094 436421 xlarge 1
436351 436795 large 14
436616 437072 large 15
436658 436891 xlarge 17
436777 436925 xlarge 1
436783 436953 tiny 16
436897 437259 medium 2
437032 437315 large 10
437548 437834 xlarge 17
437649 437739 large 15
437698 437904 medium 2
437699 437850 tiny 16
437880 438262 large 14
439870 440209 medium 2
441270 441404 medium 2
441970 442388 small 6
442073 442465 xlarge 10
442843 443157 xlarge 10
443010 443247 medium 2
443789 444094 medium 14
443794 444185 small 9
445248 445572 large 14
445250 445664 medium 2
445469 445720 tiny 15
446683 446848 medium 2
447588 447668 tiny 16
448013 448601 xlarge 10
448135 448406 small 1
448633 449006 xlarge 1
448923 449231 tiny 16
449437 449934 medium 2
449576 449750 xlarge 1
449803 450151 small 1
449894 450066 tiny 15
449912 450036 large 16
450094 450599 xlarge 10
450853 451154 medium 2
450991 451484 xlarge 1
451556 451868 xlarge 5
451627 452005 large 10
451661 451946 large 8
451703 451905 medium 2
451708 451917 small 12
452313 452465 xlarge 10
452644 452941 large 14
453809 454178 large 14
454178 454482 tiny 16
456505 456990 large 14
456698 457031 medium 2
456889 457119 large 10
456943 457406 tiny 16
457251 457565 large 10
457336 457777 xlarge 5
457346 457562 xlarge 16
457361 457734 small 12
457423 457758 xlarge 10
457437 457722 medium 2
457448 457643 large 8
457694 458088 tiny 3
457834 458293 large 14
458138 458671 small 12
458173 458512 large 10
458184 458569 medium 2
458764 459445 large 14
458786 459159 xlarge 6
458881 459142 large 0
458890 459091 large 5
460072 460409 xlarge 10
460146 460490 large 14
460392 460720 large 10
460421 460579 small 12
460497 460594 medium 2
461357 461485 medium 2
461632 461897 large 14
461785 462472 tiny 16
465572 465888 xlarge 10
466377 466614 large 14
466632 466948 tiny 16
466713 466941 medium 14
466763 467019 small 9
468174 468811 medium 2
468370 468727 small 12
468454 468695 large 8
468467 468658 xlarge 5
468472 468770 large 10
468475 468754 xlarge 16
472003 472370 medium 2
472264 472694 xlarge 1
473323 473693 tiny 16
473348 473565 xlarge 10
474258 474419 xlarge 1
475250 475754 xlarge 10
475317 475799 medium 2
475939 476344 medium 2
476601 476780 large 14
478158 478433 large 14
478462 478698 xlarge 10
478762 478848 medium 2
478932 479292 xlarge 1
479003 479318 xlarge 10
480093 480580 medium 2
480642 481011 small 12
480671 481133 medium 2
480674 480942 large 0
480722 480999 large 10
480859 481079 large 5
480872 481063 xlarge 6
480957 481369 tiny 15
481076 481260 tiny 18
481715 481839 large 14
483547 483646 large 14
485398 485433 xlarge 1
485446 485767 large 0
486226 486345 medium 14
486888 487134 medium 2
487427 487761 xlarge 1
488442 488984 xlarge 10
489459 489724 xlarge 1
490403 490755 large 14
490992 491210 xlarge 1
492043 492539 large 14
492567 492829 tiny 16
494144 494619 tiny 16
494218 494688 xlarge 17
494321 494501 large 15
494619 495217 large 14
497208 497649 tiny 16
497557 497776 small 6
497671 497821 xlarge 10
498176 498498 xlarge 1
498980 499499 xlarge 10
499933 500210 xlarge 10
500271 500861 large 14
500868 501240 medium 2
501760 502137 large 14
503532 503769 xlarge 1
504154 504444 xlarge 10
504377 504798 tiny 19
504460 504722 tiny 18
504482 504865 tiny 15
506907 507222 large 5
506913 507181 large 0
506940 507086 xlarge 6
509513 509880 tiny 16
510899 511122 large 14
523196 523324 xlarge 10
523687 523990 large 14
523690 523870 medium 2
