#base_trace: g5k06, config_file: configs/scheduling/personal-config11.xml, total_servers: 9, total_time: 86400, time_dist_mean: 2.450000, time_dist_stdev: 0.640000, node_dist_mean: 2.140000, node_dist_stdev: 1.180000
0 62 tiny 1
0 67 tiny 2
183 298 tiny 0
201 288 small 0
334 394 medium 1
358 398 small 1
360 416 small 2
455 780 tiny 0
521 650 tiny 1
763 876 tiny 1
770 956 small 0
890 1126 tiny 2
1016 1148 small 2
1050 1176 medium 1
1076 1180 tiny 1
1352 1537 tiny 1
1505 1611 tiny 2
1559 1678 medium 0
1645 1718 small 0
1762 1860 tiny 1
2018 2258 small 1
2279 2397 small 0
2385 2613 tiny 2
2608 2706 tiny 1
2735 2842 tiny 0
2936 3173 tiny 2
2995 3039 small 0
3059 3187 medium 0
3356 3391 tiny 1
3556 3771 small 0
3648 3788 tiny 1
3654 3834 tiny 2
3801 3926 medium 1
3837 3920 small 2
3927 4077 tiny 1
4074 4132 tiny 0
4260 4392 small 1
4271 4404 small 0
4274 4379 medium 1
4279 4385 tiny 2
4307 4383 small 2
4655 4797 tiny 0
4657 4717 tiny 1
4716 4850 tiny 2
4727 4848 medium 1
4798 4855 small 2
4986 5202 tiny 2
5024 5117 tiny 0
5102 5246 medium 0
5353 5478 small 0
5385 5449 medium 0
5483 5617 tiny 1
5499 5739 tiny 2
5674 5950 small 0
5828 5932 tiny 0
5858 5921 medium 0
6088 6206 medium 2
6099 6204 small 0
6201 6341 tiny 0
6532 6673 tiny 2
6590 6700 medium 0
6658 6823 small 0
6780 6873 tiny 1
6885 7079 tiny 2
7153 7263 tiny 1
7274 7404 tiny 2
7353 7761 small 0
7747 7873 small 1
7779 7870 tiny 1
7869 8008 small 2
7909 8020 tiny 2
7912 7987 medium 1
7980 8154 small 0
8084 8223 small 2
8157 8248 tiny 0
8237 8482 tiny 1
8270 8328 small 0
8272 8386 medium 2
8508 8856 small 0
8578 8698 tiny 2
8916 9187 tiny 2
9212 9313 small 1
9328 9405 small 0
9582 9664 tiny 1
9585 9666 small 2
9594 9703 medium 1
9816 9947 tiny 0
10063 10193 tiny 1
10533 10665 small 0
10601 10734 small 1
10609 10756 tiny 1
10674 10715 tiny 0
10844 11021 small 1
10847 10952 small 2
10863 11016 medium 1
10956 11158 tiny 0
11015 11334 tiny 2
11232 11396 tiny 1
11247 11360 small 1
11319 11487 small 2
11323 11457 small 0
11342 11508 medium 1
11380 11448 medium 0
11672 11812 small 1
11673 11793 tiny 1
11964 12226 tiny 2
11981 12092 tiny 0
12043 12233 medium 2
12044 12193 medium 1
12092 12160 small 0
12103 12187 small 2
12198 12319 small 1
12274 12445 small 0
12296 12420 tiny 0
12597 12656 small 0
12665 12801 tiny 0
12805 12906 small 0
12833 12943 medium 2
12873 13116 small 2
12915 13020 medium 1
13065 13154 tiny 0
13138 13288 tiny 1
13608 13799 tiny 1
13790 13856 tiny 0
13954 14117 medium 1
13955 14104 small 2
14115 14206 tiny 2
14130 14202 tiny 1
14150 14264 small 0
14349 14434 tiny 1
14350 14467 small 2
14350 14458 medium 1
14493 14610 small 0
14560 14685 tiny 1
14723 14833 small 1
14913 15049 small 0
14961 15077 tiny 2
15176 15419 small 0
15563 15662 tiny 0
15670 15921 tiny 2
16011 16175 tiny 2
16113 16235 small 0
16267 16392 small 2
16283 16354 medium 1
16429 16516 tiny 0
16431 16621 small 0
16437 16494 tiny 2
16799 16998 small 0
16847 16964 small 2
17005 17101 tiny 0
17035 17222 tiny 2
17322 17469 tiny 1
17334 17555 small 1
17453 17686 tiny 0
17698 17844 small 0
17925 18071 tiny 2
17988 18067 tiny 0
18309 18406 tiny 0
18328 18391 small 1
18331 18429 tiny 1
18634 18833 small 0
18792 18919 medium 0
19013 19139 small 1
19035 19122 medium 1
19037 19151 small 2
19060 19295 small 0
19250 19384 tiny 0
19398 19528 small 0
19429 19625 tiny 2
19639 19740 medium 2
19661 19796 small 0
19731 19909 tiny 1
19795 19833 tiny 2
19898 19958 medium 0
19964 20206 tiny 2
20074 20208 medium 1
20101 20233 small 2
20267 20380 medium 0
20385 20513 tiny 0
20863 20997 tiny 1
21061 21179 tiny 1
21185 21272 tiny 2
21539 21642 tiny 1
21699 21766 small 2
21714 21790 medium 1
22076 22171 tiny 2
22157 22302 small 0
22298 22373 medium 0
22320 22395 tiny 0
22381 22513 small 0
22391 22548 tiny 1
22391 22486 medium 2
22620 22778 tiny 2
22667 22793 small 0
22777 23022 tiny 0
22910 23016 small 0
23100 23237 medium 0
23489 23686 small 1
23507 23621 tiny 2
23673 23830 tiny 2
23796 23968 tiny 1
23969 24174 tiny 2
24075 24197 tiny 0
24306 24436 tiny 1
24317 24442 small 0
24348 24448 medium 2
24425 24715 tiny 2
24525 24678 small 0
24529 24663 small 1
24924 25034 small 2
24941 25007 small 0
24954 25012 medium 1
25023 25147 tiny 1
25258 25409 tiny 1
25396 25539 tiny 0
25427 25520 small 0
25612 25755 small 0
25615 25795 small 1
25837 25972 tiny 1
26126 26247 tiny 0
26232 26312 small 2
26265 26347 medium 1
26348 26473 tiny 1
26360 26481 tiny 2
26576 26738 tiny 2
26681 26836 medium 0
26704 26843 tiny 1
26872 27237 small 0
26920 27047 tiny 0
26923 27084 small 2
26958 27050 tiny 1
27038 27182 medium 2
27177 27291 tiny 2
27230 27300 small 1
27350 27598 tiny 0
27754 27891 tiny 2
28354 28609 small 0
28382 28554 tiny 2
28517 28767 tiny 1
28763 28836 small 0
28852 28992 tiny 0
29133 29210 tiny 2
29511 29559 small 0
29581 29825 tiny 2
29850 29926 tiny 1
29930 30072 medium 2
29959 30046 small 0
30038 30228 tiny 1
30277 30447 tiny 1
30422 30520 tiny 0
30429 30514 small 1
30524 30694 small 2
30562 30719 medium 1
30578 30659 small 0
30830 31014 small 0
31046 31152 medium 1
31059 31117 small 2
31320 31371 tiny 2
31430 31610 small 0
31438 31533 tiny 0
31762 31842 tiny 2
31849 31970 tiny 0
31973 32095 tiny 2
31988 32097 medium 1
32017 32145 small 2
32084 32259 medium 2
32138 32255 small 0
32149 32263 tiny 0
32362 32459 tiny 2
32674 32828 tiny 2
32937 33099 medium 1
32975 33057 small 2
33325 33426 tiny 1
33522 33635 tiny 2
33567 33635 tiny 0
33592 33664 small 0
33704 33826 small 1
33771 33907 small 0
33807 33917 tiny 2
33818 33923 tiny 0
33872 34033 small 2
33874 34047 medium 1
33998 34231 tiny 2
34175 34242 small 0
34372 34526 tiny 2
34488 34642 tiny 0
34556 34613 small 0
34856 35033 tiny 0
35003 35355 tiny 2
35014 35130 tiny 1
35081 35315 small 2
35219 35360 small 0
35227 35393 medium 1
35319 35432 tiny 0
35624 35719 small 0
35838 35924 tiny 1
35857 35940 tiny 0
35916 36073 small 0
36176 36345 small 0
36200 36300 tiny 1
36790 36947 small 0
36959 37061 medium 0
37004 37548 tiny 2
37291 37356 medium 0
37657 37913 tiny 2
38082 38270 medium 1
38148 38359 small 2
38388 38505 tiny 2
38478 38610 small 1
38570 38671 small 2
38601 38732 tiny 1
38625 38712 medium 2
38632 38678 small 0
38877 39048 small 0
39080 39238 tiny 0
39085 39232 tiny 1
39294 39432 small 0
39320 39414 medium 2
39340 39425 small 2
39348 39471 tiny 0
39349 39440 tiny 2
39665 39836 tiny 0
39677 40070 small 0
39703 39836 tiny 2
40174 40422 tiny 2
40297 40364 small 0
40366 40736 small 2
40375 40790 medium 1
40480 40613 tiny 0
40548 40649 tiny 1
40740 41010 tiny 1
41202 41473 small 0
41208 41454 tiny 2
41272 41376 tiny 1
41458 41608 medium 0
41589 41711 medium 1
41605 41714 small 2
41629 41729 small 1
41733 41807 tiny 2
41833 41955 small 1
41863 41964 medium 0
41968 42152 small 0
41980 42067 medium 2
42320 42414 tiny 2
42446 42564 small 0
42557 42682 tiny 2
42770 42937 medium 1
42797 42881 small 2
43054 43140 tiny 0
43151 43265 tiny 2
43245 43495 tiny 1
43248 43358 small 0
43416 43475 tiny 0
43537 43790 small 0
43609 43773 tiny 0
43635 43773 medium 1
43651 43720 small 2
43717 43911 medium 0
43861 43955 small 0
43895 43983 medium 2
44318 44490 tiny 1
44591 44751 small 0
44596 44723 tiny 1
44826 45037 tiny 2
44836 45044 tiny 0
44845 44989 small 2
44848 44935 medium 1
45090 45201 medium 1
45110 45194 small 2
45211 45290 tiny 2
45277 45418 medium 2
45325 45435 small 0
45517 45711 tiny 1
45555 45700 small 2
45576 45683 medium 1
45651 45793 small 1
45706 45830 tiny 2
46010 46199 small 2
46044 46148 tiny 2
46064 46160 medium 1
46267 46416 tiny 2
46595 46910 tiny 2
46659 46745 medium 1
46668 46773 small 2
46758 46910 tiny 1
46865 47029 small 0
46906 47002 small 2
47491 47802 tiny 0
47741 47843 tiny 1
47879 47968 medium 0
48099 48204 small 2
48182 48343 small 0
48199 48283 tiny 1
48237 48333 medium 2
48308 48471 tiny 2
48358 48417 tiny 0
48648 48793 tiny 0
48704 48806 small 2
49057 49132 tiny 1
49057 49136 tiny 2
49155 49231 small 0
49281 49384 medium 1
49290 49410 small 2
49413 49547 medium 2
49432 49489 small 0
50086 50268 small 2
50089 50272 small 0
50148 50255 medium 1
50362 50432 tiny 1
50371 50472 small 0
50609 50681 tiny 0
50925 51041 tiny 1
50930 51079 tiny 2
50984 51067 small 0
51469 51576 medium 0
51549 51764 medium 1
51550 51812 small 2
51720 51832 tiny 2
51783 51933 tiny 1
51785 51953 small 0
51823 51952 tiny 0
51873 52022 small 2
51916 52031 medium 1
52241 52367 tiny 2
52395 52515 small 1
52409 52471 small 0
52476 52648 tiny 0
52901 53024 small 1
53155 53261 tiny 0
53254 53312 small 0
53275 53360 tiny 2
53382 53488 medium 1
53398 53463 small 2
53486 53728 small 0
53518 53571 tiny 0
53563 53713 tiny 2
53800 54062 small 0
54164 54449 medium 1
54205 54412 small 2
54221 54323 tiny 0
54345 54546 tiny 2
54773 54873 small 2
54800 54909 small 0
54802 54934 tiny 1
54817 54873 small 1
54944 55135 tiny 2
55145 55269 tiny 1
55147 55319 small 0
55361 55546 small 2
55400 55485 medium 1
55502 55778 small 0
55520 55664 medium 2
55619 55774 medium 1
55662 55795 tiny 2
55673 55777 small 2
55790 55842 small 1
55791 55844 tiny 0
56094 56233 small 0
56201 56352 tiny 2
56622 56749 small 1
56825 56973 tiny 1
56920 57066 small 2
56966 57055 medium 1
57281 57416 tiny 1
57287 57475 tiny 2
57544 57699 tiny 2
57679 57778 small 2
57786 58164 small 0
58242 58397 tiny 2
58258 58429 small 0
58368 58471 tiny 1
58491 58600 medium 1
58503 58608 small 0
58507 58626 small 2
58780 58876 medium 0
59120 59210 medium 2
59147 59218 small 0
59240 59399 tiny 0
59241 59334 tiny 1
59322 59455 small 0
59334 59445 tiny 2
59492 59623 tiny 1
59621 59873 small 0
59729 59798 medium 2
59806 59911 tiny 0
59977 60107 medium 1
59980 60119 small 2
60279 60590 tiny 0
60332 60472 small 0
60426 60546 medium 1
60457 60557 small 2
60549 60690 tiny 2
60566 60675 tiny 1
60758 60951 tiny 2
60801 60878 medium 2
60806 60878 small 0
60943 60994 tiny 0
61055 61114 tiny 2
61674 61859 small 0
61742 61858 tiny 0
61850 62014 tiny 2
62136 62202 tiny 1
62208 62312 tiny 0
62232 62349 small 1
62267 62359 small 0
62494 62556 tiny 2
62518 62635 small 0
62591 62872 tiny 0
62934 63045 medium 2
62991 63055 small 0
63158 63305 tiny 0
63330 63448 tiny 2
63546 63673 tiny 0
63567 63701 tiny 2
63764 63995 small 0
63797 64008 tiny 0
63805 63919 small 2
64070 64270 tiny 2
64125 64232 small 2
64150 64308 medium 1
64255 64372 small 0
64256 64376 medium 0
64387 64521 tiny 0
64667 64838 tiny 0
64904 64997 small 0
65015 65136 medium 0
65089 65252 tiny 2
65375 65449 small 0
65518 65557 small 2
65519 65573 medium 1
65594 65737 tiny 2
65947 66054 tiny 1
66168 66337 medium 1
66187 66420 tiny 2
66208 66285 small 2
66229 66272 small 0
66466 66530 medium 0
66554 66692 tiny 1
66788 66890 tiny 1
67292 67438 tiny 1
67547 67678 small 0
67613 67785 tiny 1
67797 67860 tiny 2
67851 67990 small 0
67957 68128 small 1
67987 68114 medium 1
68019 68107 small 2
68337 68438 tiny 2
68358 68474 small 2
68578 68678 small 0
68595 68678 medium 2
68943 69082 tiny 0
68958 69093 medium 2
68959 69041 small 2
68976 69105 small 0
68988 69062 tiny 1
68989 69053 medium 1
69153 69285 small 0
69171 69297 medium 1
69195 69339 small 2
69459 69567 small 0
69900 70070 tiny 0
69921 69997 small 1
69947 70027 tiny 2
70013 70171 small 0
70246 70370 tiny 0
70295 70426 small 0
70365 70524 small 2
70388 70512 medium 1
70405 70480 tiny 2
70559 70750 small 0
70663 70752 tiny 0
70918 71015 tiny 0
71025 71132 medium 0
71103 71350 small 1
71105 71316 small 2
71117 71395 medium 1
71143 71269 small 0
71312 71460 medium 0
71461 71620 tiny 2
71496 71635 small 0
71698 71927 tiny 1
71714 71863 tiny 0
71719 71826 tiny 2
71802 71947 medium 1
71823 71952 small 2
71995 72217 small 0
72213 72293 tiny 2
72289 72435 small 0
72345 72450 tiny 1
72409 72590 tiny 2
72566 72649 tiny 1
72633 72810 small 0
72651 72808 small 2
72664 72788 medium 1
72837 72951 tiny 2
72905 73033 tiny 1
73639 73744 small 2
73643 73749 medium 1
73748 74019 small 1
73775 73886 tiny 2
73836 74097 small 2
73911 74035 medium 1
74006 74074 tiny 0
74120 74221 tiny 2
74213 74339 tiny 1
74233 74368 small 0
74446 74709 tiny 2
74628 74734 tiny 0
74683 74839 small 2
74960 75063 tiny 2
75092 75178 small 0
75173 75440 tiny 1
75323 75456 small 2
75335 75401 medium 1
75350 75392 tiny 2
75448 75569 small 0
75663 75822 tiny 0
75699 75954 small 0
75782 75953 tiny 1
75795 75958 small 1
75828 75874 tiny 2
76035 76160 tiny 0
76064 76151 medium 1
76067 76154 small 2
76277 76402 small 2
76297 76436 medium 1
76393 76499 tiny 0
76521 76671 small 2
76625 76711 small 1
76881 77010 medium 2
76898 76994 small 0
77105 77275 tiny 1
77201 77384 tiny 2
77261 77357 small 0
77464 77706 tiny 2
77618 77917 small 2
77628 77686 medium 1
77635 77747 tiny 0
77866 77964 medium 1
77947 78177 small 0
77993 78050 tiny 2
78090 78173 small 1
78288 78399 tiny 1
78519 78683 tiny 1
78583 78671 tiny 0
78899 78992 small 2
78904 79041 tiny 1
79029 79189 small 1
79073 79266 small 0
79128 79232 medium 1
79140 79306 small 2
79281 79397 tiny 2
79474 79637 tiny 1
79599 79790 tiny 2
79679 79887 small 0
79784 79848 tiny 0
79879 80014 tiny 1
80454 80636 small 0
80698 80846 tiny 2
80871 80961 small 2
80957 81066 small 1
81036 81217 tiny 2
81182 81322 medium 1
81207 81342 small 2
81226 81276 small 0
81350 81412 tiny 2
82060 82148 tiny 0
82255 82398 tiny 1
82387 82546 tiny 2
82497 82669 tiny 0
82654 82740 medium 0
82765 82978 small 0
82778 82863 tiny 0
82908 83023 medium 0
82967 83137 small 2
82997 83157 medium 1
83001 83201 tiny 1
83081 83191 small 1
83119 83272 tiny 0
83211 83345 medium 2
83260 83336 small 0
83462 83558 tiny 0
83604 83736 medium 1
83607 83696 small 2
83811 83986 small 2
83816 83911 medium 1
83864 83975 small 0
84093 84218 small 2
84208 84346 tiny 1
84644 84757 tiny 0
84822 85065 small 0
84952 85241 tiny 2
85064 85144 tiny 0
85146 85254 small 0
85373 85597 small 0
85491 85631 tiny 2
85799 85875 small 2
86077 86232 tiny 1
86112 86225 tiny 2
86125 86244 medium 0
86358 86469 tiny 1
86392 86510 small 1
86461 86629 small 0
86715 86986 small 0
86728 86858 tiny 2
86871 86979 medium 2
86943 87174 medium 0
86957 87077 tiny 2
86984 87041 small 2
86991 87069 tiny 0
86997 87101 medium 1
87105 87171 small 0
87156 87284 small 2
87549 87689 tiny 1
87559 87664 tiny 2
87639 87903 small 0
87779 87928 tiny 2
87788 87916 tiny 0
87826 87906 small 1
87832 87930 tiny 1
88046 88168 small 2
88055 88118 medium 1
88130 88291 tiny 2
88299 88394 small 0
88408 88481 small 2
88432 88517 tiny 0
88437 88545 medium 1
88739 88986 tiny 0
88868 89010 small 0
89151 89204 small 0
89317 89444 small 0
89678 89860 tiny 0
89692 89808 small 2
89707 89827 medium 2
89732 89855 small 1
89749 89848 small 0
89829 89947 medium 0
89878 89991 tiny 1
89976 90032 tiny 0
90118 90312 small 0
90172 90299 tiny 1
90174 90319 medium 1
90221 90335 small 2
90477 90817 small 0
90799 90912 small 1
90995 91481 tiny 2
91037 91180 small 0
91492 91716 small 0
91675 91721 medium 2
91770 91862 tiny 2
91867 91997 tiny 0
92107 92257 tiny 2
92212 92397 tiny 0
92265 92343 tiny 1
92463 92639 small 1
92704 92846 small 0
92714 92858 tiny 0
92794 92979 tiny 1
92850 92948 small 1
92851 92931 medium 0
92934 93071 tiny 2
93039 93205 small 0
93274 93399 small 2
93296 93404 medium 1
93305 93395 tiny 2
93667 93819 tiny 0
94272 94387 small 0
94409 94724 tiny 0
94613 94799 medium 1
94658 94742 small 2
95073 95256 medium 0
95107 95210 small 1
95151 95206 tiny 0
95156 95214 tiny 2
95475 95754 small 0
95553 95676 medium 1
95596 95737 small 1
95613 95706 small 2
95745 95879 tiny 0
96033 96157 small 0
96415 96695 tiny 0
96429 96570 small 1
96433 96521 tiny 1
96996 97142 tiny 2
96998 97118 tiny 0
97016 97170 small 1
97194 97240 small 0
97308 97556 tiny 2
97370 97538 medium 1
97434 97477 small 2
97480 97655 tiny 0
97551 97657 medium 0
97728 97892 small 0
98090 98267 small 2
98103 98222 small 0
98119 98258 medium 2
98553 98796 medium 1
98571 98678 tiny 2
98625 98864 small 2
98815 98934 tiny 0
99053 99166 tiny 0
99162 99293 small 0
99306 99437 medium 0
99423 99562 tiny 1
99428 99669 tiny 2
99942 100018 tiny 0
100394 100662 tiny 2
100642 100788 tiny 0
100728 100874 medium 2
100757 100913 small 0
101147 101195 tiny 0
101326 101464 small 0
101489 101573 tiny 0
101689 101977 tiny 2
101710 101825 tiny 1
101843 101923 small 0
101963 102108 tiny 0
102232 102342 small 2
102412 102516 tiny 0
102639 102935 tiny 2
102790 102924 small 2
102809 102929 small 1
102812 102947 medium 1
103001 103197 tiny 1
103035 103192 medium 0
103048 103144 tiny 0
103234 103396 medium 0
103405 103519 small 0
103521 103627 small 2
103531 103668 medium 1
103649 103721 small 0
103722 103866 tiny 2
103788 103864 tiny 1
103839 104028 small 0
103872 104028 medium 2
103884 103953 tiny 0
104328 104471 small 0
104343 104431 medium 2
104814 105055 small 0
104945 105180 tiny 2
105279 105406 tiny 2
105535 105668 tiny 1
105672 105831 medium 2
105704 105813 small 0
106151 106236 small 0
106610 106755 tiny 2
106630 106716 small 1
106639 106732 tiny 0
106747 107111 small 0
106854 107031 tiny 1
106972 107079 medium 2
107277 107560 tiny 0
107330 107497 medium 0
107631 107700 small 0
107820 107918 small 0
108053 108291 tiny 0
108296 108538 tiny 1
108439 108564 tiny 2
108654 108798 tiny 2
108701 108810 small 0
108762 108920 tiny 1
108992 109181 medium 0
109036 109159 tiny 1
109073 109187 small 1
109317 109402 medium 0
109666 109739 tiny 0
109838 110132 tiny 0
109849 110008 small 0
109970 110085 tiny 1
110372 110493 small 0
110383 110559 tiny 0
110398 110514 tiny 1
110441 110562 small 2
110488 110619 medium 1
110723 110865 small 0
110864 110945 tiny 2
110875 110949 small 1
110917 111116 tiny 1
110997 111101 tiny 0
111175 111275 small 1
111182 111339 tiny 2
111279 111405 small 0
111689 111786 tiny 2
111817 111932 small 0
112013 112175 medium 0
112033 112264 small 0
112113 112288 tiny 1
112353 112515 tiny 0
112549 112614 tiny 2
112762 112858 small 0
112961 113101 tiny 0
113033 113154 medium 0
113208 113393 small 1
113225 113395 tiny 0
113383 113619 medium 0
113461 113554 tiny 1
113552 113738 small 0
113704 113799 tiny 2
113837 114294 small 0
114549 114701 tiny 1
114833 114918 tiny 1
114934 115060 small 1
115027 115299 tiny 0
115062 115140 small 0
115730 115844 medium 1
115759 115912 small 2
115777 115878 medium 2
115798 115918 small 0
116037 116135 tiny 0
116467 116584 small 0
116515 116617 medium 2
116585 116702 tiny 1
117209 117287 tiny 0
117656 117950 small 2
117698 117942 medium 1
117911 118017 small 0
118172 118252 tiny 1
118273 118419 small 0
118361 118758 tiny 2
118397 118507 medium 0
118522 118672 small 2
118542 118594 tiny 0
118723 118852 small 0
118752 118847 medium 2
118861 118984 small 1
118969 119100 small 0
119008 119140 medium 1
119020 119119 small 2
119079 119239 tiny 1
119100 119202 tiny 0
119271 119508 small 0
119337 119461 tiny 2
119622 119833 small 0
119678 119867 tiny 0
120215 120349 small 0
120425 120581 tiny 0
120545 120639 tiny 1
120667 120791 small 0
120782 120914 tiny 2
120901 121046 small 0
120936 121285 tiny 0
121041 121164 medium 1
121069 121160 small 2
121120 121268 tiny 2
121164 121311 small 0
121516 121668 small 1
122261 122338 tiny 0
122386 122518 medium 2
122395 122604 small 0
122443 122628 medium 0
122518 122570 tiny 2
123189 123311 small 0
123296 123449 small 2
123301 123393 medium 1
123325 123445 small 1
123566 123956 small 0
123689 123764 medium 2
123825 123879 tiny 2
124027 124300 small 2
124030 124257 medium 1
124286 124352 small 1
124378 124529 tiny 2
124893 125026 tiny 0
125110 125239 medium 0
125120 125243 small 0
125552 125714 tiny 0
125757 125824 tiny 1
125860 125986 small 2
125868 125972 medium 1
126296 126436 tiny 2
126356 126453 small 0
126632 126839 tiny 1
126755 126939 small 1
126935 127026 small 0
127073 127160 tiny 2
127128 127271 small 2
127136 127240 medium 0
127151 127242 tiny 1
127658 127727 small 0
127760 127915 tiny 1
127789 127845 tiny 2
127894 128014 tiny 0
127999 128075 medium 0
128154 128389 small 0
128315 128495 tiny 0
128571 128684 tiny 0
128604 128750 medium 1
128634 128706 small 2
128747 128828 medium 0
128950 129196 tiny 1
128987 129091 tiny 2
129223 129359 medium 0
129288 129401 small 0
129518 129675 small 2
129565 129705 medium 1
