#base_trace: g5k06, config_file: configs/scheduling/personal-config10.xml, total_servers: 9, total_time: 86400, time_dist_mean: 2.450000, time_dist_stdev: 0.640000, node_dist_mean: 2.140000, node_dist_stdev: 1.180000
83 424 tiny 0
214 278 small 1
834 1063 medium 0
1117 1279 small 1
1144 1358 tiny 0
1361 1496 tiny 1
1533 1722 tiny 0
1615 1744 tiny 1
1655 1714 tiny 2
2019 2341 tiny 0
2435 3098 tiny 0
2520 2586 small 0
2609 2797 small 1
2675 2855 small 0
2922 3049 small 1
3107 3171 medium 0
3189 3340 tiny 0
3238 3319 small 1
3335 3463 small 0
3445 3581 medium 0
3477 3566 tiny 0
3592 3677 medium 1
4000 4264 tiny 0
4077 4181 small 1
4355 4755 tiny 0
4390 4520 small 1
4411 4479 small 0
4734 5017 small 0
4747 4833 tiny 1
4835 5016 small 1
4873 5155 medium 0
4909 5086 tiny 0
5391 5457 medium 0
5686 5872 tiny 0
5714 5829 small 1
6512 6708 small 1
6537 6653 tiny 0
6798 6933 small 1
6833 6882 tiny 0
7019 7146 medium 1
7065 7167 small 1
7066 7399 tiny 0
7262 7434 medium 0
7499 7654 small 0
7669 7879 tiny 0
8109 8231 tiny 0
8330 8480 tiny 2
8361 8505 tiny 1
8365 8510 small 1
8371 8861 tiny 0
8387 8501 medium 0
8748 8871 small 1
8953 9111 medium 0
9104 9195 small 0
9297 9423 tiny 0
9309 9449 small 1
9408 9524 medium 0
9417 9520 small 0
9691 10115 tiny 0
9758 9911 medium 0
10393 10654 tiny 0
10483 10669 small 1
10527 10672 small 0
10542 10655 medium 0
10755 10878 medium 0
10762 10909 tiny 0
10770 10890 small 0
10778 10847 small 1
10973 11238 tiny 0
11078 11235 small 0
11131 11199 medium 0
11314 11448 small 0
11350 11465 small 1
11357 11439 tiny 0
11451 11574 medium 0
11825 11995 medium 0
11913 12057 small 1
11971 12178 tiny 0
12103 12178 medium 0
12348 12424 small 0
12445 12537 tiny 0
12652 12939 tiny 0
12663 12817 small 1
12718 12776 small 0
13011 13135 tiny 0
13060 13169 medium 0
13353 13550 tiny 0
13400 13482 medium 0
13552 13641 small 0
13730 13898 medium 0
14027 14271 small 0
14198 14320 medium 0
14797 14926 medium 0
15068 15205 tiny 0
15085 15156 small 1
15223 15352 medium 0
15431 15535 tiny 0
15753 16012 tiny 2
15792 15998 tiny 1
15929 16004 medium 2
16176 16233 medium 0
16365 16788 tiny 0
16378 16713 small 1
16522 16649 medium 0
17002 17097 tiny 1
17031 17086 medium 2
17034 17128 medium 0
17040 17145 tiny 2
17328 17450 tiny 1
17376 17488 small 0
17377 17504 tiny 0
17442 17855 medium 0
17923 18063 medium 0
17946 18070 small 0
18065 18181 small 1
18068 18153 tiny 0
18273 18461 medium 0
18672 18772 medium 0
18673 18755 small 0
18716 18825 tiny 0
18897 19054 small 0
18940 19067 small 1
18944 19185 medium 0
18946 19028 tiny 0
19158 19278 small 1
19161 19267 tiny 0
19316 19406 medium 0
19357 19520 tiny 0
19552 19632 medium 0
20114 20262 small 1
20134 20220 tiny 0
20345 20459 tiny 1
20361 20484 small 0
20384 20436 tiny 2
20385 20519 medium 2
20490 20703 tiny 0
20555 20710 medium 0
20813 21058 small 1
20845 20911 medium 0
20848 21152 tiny 0
20928 21064 small 0
21311 21444 small 1
21331 21468 tiny 0
21655 21815 medium 2
21673 21751 tiny 2
21702 21815 tiny 1
21770 21931 medium 0
22122 22233 medium 0
22187 22272 small 0
22405 22531 medium 0
22421 22767 tiny 0
22490 22596 small 1
22894 23100 medium 0
22965 23120 tiny 0
22997 23105 small 1
23213 23353 small 0
23254 23335 medium 0
23359 23481 tiny 0
23564 23751 small 0
23567 23855 tiny 0
23736 23825 small 1
23925 24037 tiny 1
23970 24048 tiny 2
24240 24327 medium 0
24415 24553 small 1
24445 24518 tiny 0
24571 24760 medium 0
24805 24878 tiny 0
24832 24890 small 0
24882 25062 medium 0
25051 25179 tiny 0
25309 25406 tiny 0
25526 25653 tiny 0
25606 26034 small 0
25634 25722 medium 0
25715 25912 tiny 0
25763 25871 small 1
25885 26012 medium 0
26007 26222 small 1
26029 26320 tiny 0
26572 26721 tiny 0
26597 26757 small 1
26683 26828 medium 0
26686 26792 small 0
27048 27207 tiny 0
27108 27160 small 1
27177 27277 medium 0
27275 27525 small 1
27333 27584 tiny 0
27810 28001 tiny 0
27878 27998 medium 2
27912 28042 tiny 1
27921 28046 tiny 2
28174 28488 tiny 0
28191 28508 small 1
28636 28748 small 1
28659 28765 tiny 0
28899 29074 tiny 0
28903 28967 medium 0
29120 29484 medium 0
29275 29371 tiny 0
29579 29750 small 0
29688 29816 tiny 1
29706 29804 medium 0
29733 29859 tiny 2
29740 29838 tiny 0
29966 30062 medium 0
29980 30162 tiny 0
30034 30153 small 1
30291 30419 tiny 1
30323 30554 medium 0
30688 30801 tiny 1
31004 31127 medium 0
31139 31250 small 0
31246 31666 medium 0
31287 31509 tiny 0
31317 31396 small 1
31758 32006 medium 0
31889 32115 tiny 0
32197 32454 tiny 0
32269 32334 medium 0
32352 32445 small 0
32433 32577 medium 0
32690 32987 tiny 0
32746 32876 small 1
33235 33397 tiny 0
33323 33394 small 1
33589 33714 small 0
33695 33832 tiny 0
33760 33935 medium 2
33761 33878 tiny 2
33811 33872 tiny 1
33907 34071 tiny 0
33922 34060 small 1
34521 34599 tiny 0
34543 34614 small 0
34777 34970 tiny 0
34841 35024 small 1
34985 35083 medium 0
35451 35739 tiny 1
35465 35695 small 0
35575 35694 medium 2
35586 35678 tiny 2
35748 35965 medium 0
35917 36051 tiny 1
35933 36046 medium 2
35977 36048 tiny 2
36154 36431 medium 0
36411 36528 tiny 0
36668 36935 tiny 0
37064 37193 tiny 0
37238 37410 small 0
37534 37638 tiny 2
37538 37647 small 0
37542 37618 medium 2
37552 37610 tiny 1
37660 37876 tiny 0
37794 37883 small 1
37834 38131 small 0
37836 37964 medium 0
38126 38217 tiny 0
38248 38319 medium 0
38260 38367 small 0
38316 38464 tiny 0
38331 38515 small 1
38361 38434 small 2
38519 38687 medium 0
38795 39056 medium 0
39070 39211 tiny 0
39165 39272 small 0
39278 39440 small 1
39322 39465 tiny 0
39547 39670 small 1
39594 39665 tiny 0
39822 40149 medium 0
39828 39875 small 0
40000 40190 tiny 0
40249 40386 medium 0
40493 40781 tiny 0
40640 40780 medium 0
40651 40770 small 1
40735 40872 tiny 1
40762 40908 medium 2
40772 40899 small 0
40778 40848 tiny 2
41249 41350 medium 0
41349 41478 small 1
41376 41516 tiny 0
41496 41623 medium 0
41735 41802 tiny 0
42296 42465 small 0
42447 42513 tiny 0
42461 42530 small 1
42515 42719 medium 0
42839 43263 tiny 0
42934 43008 small 0
43166 43299 small 0
43174 43269 small 1
43369 43530 medium 0
43373 43915 tiny 0
43507 43609 small 1
43719 43913 small 0
44220 44587 tiny 0
44268 44567 small 1
44395 44451 small 2
44710 44923 tiny 0
44796 44975 tiny 1
44860 44966 tiny 2
44935 45050 medium 0
45179 45304 tiny 1
45227 45275 medium 2
45237 45291 tiny 2
45302 45476 tiny 0
45338 45417 small 0
45360 45464 small 1
45958 46026 medium 0
46170 46293 tiny 0
46171 46246 tiny 2
46174 46283 small 1
46181 46274 tiny 1
46241 46425 medium 0
46375 46631 tiny 0
46520 46615 small 1
46760 46870 tiny 2
46765 46911 tiny 1
46769 46853 medium 2
46866 47027 small 1
46906 46991 tiny 0
47271 47347 tiny 0
47387 47486 small 0
47500 47563 medium 0
47817 47984 tiny 0
48156 48442 medium 0
48173 48307 small 0
48223 48283 tiny 0
48516 48669 medium 0
48793 48942 tiny 0
48808 48904 small 0
48824 48893 small 1
49051 49114 medium 0
49053 49128 tiny 0
49142 49261 small 2
49407 49534 medium 0
49631 49755 small 1
49638 49724 tiny 0
49838 49964 tiny 0
49907 50010 small 1
49958 50140 medium 1
50842 50923 tiny 1
51048 51156 tiny 0
51416 51527 tiny 0
51550 51672 small 0
51820 51924 tiny 0
51823 51954 small 0
52021 52126 medium 0
52360 52522 small 0
52391 52672 small 1
52405 52849 tiny 0
52431 52637 medium 0
52741 52870 medium 0
52799 52884 small 1
53116 53252 tiny 0
53197 53397 medium 0
53327 53511 tiny 0
53968 54318 medium 0
54046 54177 tiny 2
54083 54228 medium 2
54088 54214 tiny 1
54547 54910 tiny 0
54664 54929 small 1
54680 54931 medium 0
54771 54946 tiny 1
54772 54876 medium 2
54777 54936 tiny 2
54927 55046 small 0
55137 55274 medium 0
55236 55364 tiny 1
55242 55395 tiny 2
55288 55384 medium 2
55376 55519 small 1
55383 55498 medium 0
55384 55492 tiny 0
55491 55638 small 0
55655 55860 medium 0
55866 55958 small 0
56506 56607 small 2
56582 56677 small 0
56729 56814 tiny 0
57049 57222 small 1
57068 57212 tiny 0
57215 57322 medium 0
57227 57423 small 0
57284 57415 tiny 1
57324 57393 medium 2
57338 57460 tiny 2
57346 57477 tiny 0
57586 57658 tiny 0
57995 58181 small 2
58074 58132 medium 0
58152 58258 tiny 2
58154 58300 tiny 1
58158 58311 small 1
58159 58252 medium 2
58180 58256 tiny 0
58855 58955 tiny 0
59111 59341 tiny 0
59135 59277 medium 0
59371 59458 small 0
59384 59477 medium 0
59569 59726 tiny 0
59947 60193 tiny 0
60053 60233 small 1
60082 60154 small 0
60322 60473 tiny 0
60348 60399 small 1
60548 60652 medium 0
60552 60678 small 2
60705 60765 tiny 0
60883 61020 tiny 0
60908 61123 tiny 2
60947 61123 tiny 1
60948 61045 small 1
61041 61181 medium 0
61077 61120 medium 2
61317 61408 medium 0
61526 61618 tiny 0
61546 61627 small 0
61733 61832 tiny 0
61896 62027 medium 0
62116 62245 tiny 0
62514 62555 medium 0
62676 62878 medium 0
62793 63231 tiny 0
62796 62967 small 2
62856 62963 small 0
62972 63081 small 1
63212 63307 small 2
63567 63647 tiny 0
63773 63891 medium 2
63800 63944 tiny 1
63821 63932 medium 0
63826 63917 tiny 2
64045 64152 tiny 0
64171 64285 tiny 1
64175 64401 small 0
64186 64259 medium 2
64199 64317 tiny 2
64486 64630 tiny 0
64556 64677 small 1
64557 64773 small 0
64759 64892 tiny 0
64995 65382 tiny 0
65096 65220 medium 0
65345 65481 medium 0
65605 65701 small 1
65617 66113 tiny 0
65625 65834 medium 0
65866 65926 small 1
66350 66416 medium 0
66404 66834 tiny 0
66444 66656 small 1
66997 67162 tiny 1
66998 67172 medium 2
67019 67137 tiny 0
67023 67152 tiny 2
67163 67262 medium 0
67537 67644 small 0
67727 67909 tiny 0
67771 67870 small 1
67972 68071 tiny 0
68029 68116 medium 0
68625 68678 tiny 1
68855 68988 small 1
68863 68921 tiny 0
69039 69188 tiny 0
69085 69181 medium 0
69282 69453 small 1
69309 69540 tiny 0
70129 70771 tiny 0
70373 70486 medium 0
70788 70867 medium 0
71035 71277 tiny 0
71349 71446 medium 0
71354 71452 small 1
71364 71481 tiny 0
71506 71633 small 0
71566 71755 tiny 0
71810 72064 medium 0
71927 72103 tiny 2
71982 72087 tiny 1
71983 72039 medium 2
72042 72196 small 1
72102 72179 tiny 0
72345 72473 medium 0
72405 72518 tiny 0
72633 73168 tiny 0
72822 72899 small 1
72992 73193 tiny 2
72998 73117 small 1
73042 73187 tiny 1
73077 73181 medium 2
73080 73275 medium 0
73358 73527 small 0
73551 73876 tiny 0
73953 74101 tiny 1
74003 74141 tiny 0
74137 74262 medium 0
74450 74750 tiny 0
74508 74753 small 0
74595 74717 medium 0
74987 75064 tiny 0
74999 75058 small 1
75438 75637 tiny 0
75771 75892 small 0
75884 76140 tiny 0
75916 76059 medium 0
75938 76044 small 1
76166 76287 medium 0
76246 76405 small 1
76249 76371 tiny 0
76600 76847 medium 0
76756 76864 tiny 0
76832 76998 tiny 2
76863 76983 tiny 1
77001 77133 tiny 0
77037 77124 small 1
77098 77230 small 0
77358 77492 small 0
77390 77638 medium 0
77692 77832 medium 0
77856 77912 medium 1
77864 77933 tiny 0
77875 77992 small 1
78416 78566 small 0
78451 78525 tiny 0
78513 78675 medium 2
78534 78712 tiny 1
78561 78695 tiny 2
78683 78803 tiny 0
78882 79122 tiny 0
78923 79016 small 1
79038 79122 small 0
79157 79309 small 2
79411 79495 tiny 0
79502 79600 medium 0
79611 79771 tiny 0
79615 79726 small 1
79757 79888 tiny 1
79770 79856 small 2
79798 80013 medium 0
80233 80387 small 1
80273 80388 tiny 0
80449 80690 medium 0
80809 81173 tiny 0
80833 80990 small 1
80869 80983 medium 0
80880 80994 small 0
81418 81527 small 1
81428 81546 tiny 0
81927 81995 medium 0
81951 82134 tiny 0
82658 82883 medium 0
82878 82988 small 1
82879 83348 tiny 0
82961 83101 medium 2
82986 83136 tiny 1
83020 83158 tiny 2
83088 83242 medium 0
83129 83258 small 1
83569 83720 small 0
83596 83710 tiny 1
83631 83677 tiny 2
83942 84309 tiny 0
84188 84339 small 1
84430 84516 tiny 2
84471 84546 tiny 1
84839 84874 small 0
84895 85009 small 1
84939 85016 tiny 0
85056 85173 small 0
85268 85374 tiny 0
85376 85673 medium 0
85629 86015 tiny 0
85667 85741 small 1
86255 86331 tiny 0
86519 86563 tiny 0
86559 86672 medium 0
86707 86819 tiny 0
86728 86807 small 0
86857 86940 medium 0
86977 87054 tiny 0
87200 87478 medium 0
87290 87786 tiny 0
87588 87711 medium 0
87785 87956 medium 0
88160 88269 tiny 0
88384 88512 tiny 2
88385 88555 medium 2
88416 88481 tiny 1
88426 88490 tiny 0
88957 89141 tiny 0
89233 89713 tiny 0
89434 89722 small 1
89447 89580 tiny 1
89680 90053 medium 0
89948 90220 small 1
89996 90183 tiny 0
90337 90674 tiny 0
90408 90540 small 1
90574 90660 medium 0
91422 91785 tiny 0
91507 91671 small 1
92011 92098 tiny 0
92136 92315 medium 0
92194 92364 small 0
92630 92678 tiny 0
92695 92833 tiny 1
92707 92859 medium 2
92743 92834 tiny 2
93049 93453 medium 0
93322 93515 tiny 0
93332 93519 small 1
93556 93764 medium 0
93646 93932 tiny 1
93682 93776 tiny 0
93696 93898 tiny 2
93717 93935 medium 2
93831 93939 small 0
93931 94002 medium 0
94017 94138 tiny 0
94065 94112 small 1
94197 94296 small 0
94626 94718 small 1
94630 94750 tiny 0
94631 94780 small 0
94848 95026 small 1
94888 95273 tiny 0
94918 94977 medium 0
95073 95207 tiny 2
95080 95277 tiny 1
95134 95227 small 1
95328 95473 medium 0
95495 95626 tiny 0
95701 95791 tiny 0
95914 96091 tiny 1
95915 96113 tiny 0
95967 96069 tiny 2
96403 96516 small 0
96569 96641 medium 0
96772 96880 tiny 0
97063 97192 medium 0
97477 97642 tiny 1
97479 97609 tiny 2
97529 97607 medium 2
97535 97631 tiny 0
97655 97720 small 0
97741 97890 tiny 0
98076 98248 medium 0
98515 98741 medium 0
98677 98859 small 0
98865 98984 tiny 0
99238 99291 medium 0
99352 99424 tiny 0
99571 99682 tiny 0
99758 99926 tiny 1
99812 99897 tiny 0
99814 99876 tiny 2
99821 99923 medium 0
99822 99874 medium 2
99920 100043 small 0
100029 100111 tiny 0
100071 100124 medium 0
100147 100277 medium 1
100383 100537 tiny 0
100396 100538 small 1
100520 100679 medium 0
100716 100866 tiny 0
100764 100832 small 1
100957 101092 tiny 0
101034 101159 small 1
101113 101264 small 0
101206 101311 medium 0
101239 101341 small 1
101267 101373 tiny 0
101328 101623 tiny 2
101340 101562 medium 2
101350 101625 tiny 1
101567 101698 tiny 0
101798 101987 medium 2
101839 101943 tiny 2
101856 101959 tiny 1
102159 102350 medium 0
102290 102456 small 0
102539 102653 tiny 0
102815 102956 small 0
103052 103192 small 0
103183 103234 medium 0
103440 103487 small 2
104100 104320 tiny 0
104102 104218 medium 0
104259 104382 small 1
104358 104468 small 0
104448 104600 tiny 0
104459 104583 small 1
104605 104731 small 2
104811 104969 tiny 0
105099 105178 tiny 0
105111 105181 small 1
105288 105392 medium 0
105420 105563 tiny 0
105644 105838 tiny 0
106031 106432 medium 0
106175 106280 tiny 0
106380 106484 tiny 0
106415 106559 small 0
106478 106625 medium 0
106668 106897 tiny 0
106676 106836 small 1
106746 106873 medium 0
107083 107200 small 0
107237 107568 medium 0
107688 107805 small 0
107690 107856 tiny 1
107728 107839 tiny 2
107952 108038 small 0
108166 108477 tiny 0
108212 108308 small 0
108411 108553 tiny 1
108445 108558 small 2
108563 108709 small 0
108796 108890 tiny 0
108890 109053 small 0
109025 109139 tiny 0
109070 109189 small 1
109251 109371 tiny 0
109556 109650 small 0
109594 109866 tiny 0
109724 109856 small 1
110098 110199 tiny 0
110452 110637 medium 1
110588 110846 tiny 0
110622 110744 small 1
110624 110672 small 0
110809 110921 small 0
111156 111426 tiny 2
111170 111421 tiny 0
111183 111307 small 0
111186 111445 tiny 1
111305 111445 small 1
111305 111461 medium 2
111759 111924 tiny 2
111787 111921 medium 0
111805 112059 small 1
111816 111925 medium 2
111834 112007 tiny 0
111838 111928 tiny 1
112592 112772 tiny 0
112632 112781 small 1
112865 112965 small 1
112875 112958 tiny 0
112907 112958 medium 0
113075 113225 tiny 0
113223 113362 medium 0
113254 113481 small 0
113318 113498 tiny 0
113329 113486 small 1
113565 113686 small 0
113714 113858 medium 1
113756 113826 tiny 0
114417 114563 small 0
114478 114580 small 2
114780 114950 medium 0
114827 114920 small 0
115113 115281 small 0
115171 115521 tiny 0
115193 115399 small 1
115237 115405 tiny 1
115242 115404 tiny 2
115301 115378 medium 2
115366 115490 medium 0
115663 115752 medium 0
115867 116026 small 1
115912 116265 tiny 0
116038 116135 medium 0
116480 116565 tiny 0
116481 116563 small 0
116594 116863 medium 0
116698 116874 small 1
116744 116873 tiny 0
117206 117274 medium 0
117396 117581 tiny 1
117435 117581 tiny 0
117444 117579 tiny 2
117453 117586 medium 2
117468 117574 medium 0
117783 118062 medium 0
117811 117937 small 0
117952 118015 tiny 0
117956 117996 small 1
118117 118242 small 0
118128 118249 tiny 0
118155 118400 medium 0
118505 118622 tiny 0
118763 118981 tiny 0
118993 119099 medium 0
119134 119236 tiny 0
119395 119507 medium 0
119950 120099 tiny 2
119977 120051 tiny 1
120103 120191 medium 0
120555 120654 small 1
120558 120671 tiny 0
120924 121035 small 0
121184 121248 medium 0
121317 121659 tiny 0
121367 121505 small 1
121660 121748 medium 0
121977 122149 medium 0
122120 122191 tiny 0
122219 122326 small 0
122326 122485 tiny 0
122618 122703 medium 0
122706 122814 small 0
122837 122920 tiny 0
123100 123167 tiny 0
123439 123832 medium 0
123568 123661 small 0
123955 124128 small 0
124292 124410 tiny 0
125005 125082 small 1
125020 125277 tiny 0
125321 125510 small 0
125330 125474 small 1
125386 125461 tiny 0
125552 125714 medium 2
125626 125742 tiny 2
125630 125738 tiny 1
125822 126038 medium 0
125850 125939 tiny 0
125860 125942 small 1
126043 126201 tiny 0
126445 126637 tiny 0
126524 126637 medium 0
126558 126680 small 1
126638 126792 small 0
126798 127175 tiny 0
126824 126904 medium 0
127510 127720 tiny 0
127555 127769 small 1
127739 127877 small 0
127958 128149 tiny 0
128107 128259 medium 1
128262 128352 small 0
128465 128724 tiny 0
128514 128576 small 1
128871 128949 medium 0
128928 129065 small 1
128942 129061 tiny 0
129279 129418 small 1
129305 129470 tiny 0
129428 129556 medium 0
