#base_trace: g5k06, config_file: configs/scheduling/personal-config7.xml, total_servers: 9, total_time: 86400, time_dist_mean: 2.450000, time_dist_stdev: 0.640000, node_dist_mean: 2.140000, node_dist_stdev: 1.180000
0 32 tiny 1
0 66 medium 2
198 284 small 0
202 283 tiny 2
274 395 tiny 1
298 399 medium 2
648 776 tiny 2
674 815 tiny 1
1044 1505 tiny 2
1238 1364 small 0
1635 1766 tiny 2
1793 1847 tiny 1
2360 2615 tiny 2
2448 2556 small 0
2505 2624 medium 1
2582 2709 small 2
2754 2807 tiny 2
3057 3323 tiny 2
3068 3206 medium 2
3088 3217 tiny 1
3176 3287 small 0
3232 3304 medium 1
3336 3433 tiny 0
3692 3836 tiny 2
3931 4042 medium 1
3940 4044 small 0
4059 4136 small 2
4172 4266 tiny 2
4628 4734 small 2
4667 4744 small 1
4850 4981 medium 2
4880 4966 tiny 1
4882 4976 medium 0
5231 5360 tiny 1
5349 5495 small 2
5605 5689 small 0
5623 5864 tiny 2
5942 6063 tiny 2
6571 6921 tiny 2
6674 6760 tiny 1
7056 7186 tiny 2
7516 7652 small 0
7618 7744 tiny 2
7887 8019 tiny 2
8087 8271 small 0
8132 8217 medium 1
8442 8754 tiny 2
8707 8830 small 0
8872 9156 tiny 2
9064 9172 small 0
9069 9151 medium 1
9783 9937 medium 1
9809 9894 small 0
9839 9915 tiny 2
10152 10393 tiny 2
10247 10392 tiny 0
10550 10658 tiny 2
10603 10760 tiny 1
10674 10727 medium 2
10849 11241 tiny 2
11015 11091 small 2
11635 11692 tiny 2
11674 11853 tiny 1
11708 11852 small 0
12113 12206 tiny 2
12272 12452 medium 2
12297 12418 medium 0
12319 12431 tiny 1
12346 12477 small 0
12717 12804 tiny 2
12874 13018 tiny 1
12910 13030 medium 0
12915 12998 medium 2
13060 13179 tiny 2
13235 13385 medium 2
13247 13428 tiny 2
13282 13361 tiny 1
13288 13433 medium 0
13671 13786 tiny 2
13990 14224 tiny 2
14275 14320 tiny 0
14373 14834 tiny 2
14553 14677 tiny 1
14558 14738 medium 2
15099 15157 tiny 2
15446 15537 tiny 1
15476 15546 medium 2
15774 16069 tiny 2
16180 16845 tiny 2
16287 16394 tiny 1
17276 17355 tiny 2
17709 17805 tiny 2
18119 18178 tiny 2
18119 18163 small 2
18307 18419 small 2
18586 18658 small 0
19596 19746 medium 1
19620 19768 tiny 1
19651 19761 medium 2
19660 19856 small 0
19913 20154 tiny 2
20607 20725 tiny 2
20718 20797 small 1
20995 21199 tiny 2
21533 21711 tiny 2
22057 22134 small 2
22191 22299 tiny 2
22477 22732 medium 1
22495 22715 small 0
22509 22597 tiny 2
22866 23077 tiny 2
23274 23482 tiny 2
23951 24064 tiny 2
24158 24409 tiny 2
24671 24781 small 0
25018 25160 tiny 1
25055 25186 medium 0
25072 25185 medium 2
25129 25260 tiny 2
25479 25655 tiny 2
25734 26261 tiny 2
26452 26589 tiny 2
26690 26826 small 2
26809 27086 small 0
26867 27093 medium 1
26996 27116 tiny 2
27287 27418 medium 1
27307 27433 small 0
27457 27588 tiny 2
27905 28077 tiny 1
27920 28005 medium 2
27952 28121 tiny 2
28395 28545 tiny 2
28651 28754 tiny 2
28844 28980 small 1
28996 29241 tiny 2
29432 29633 tiny 2
29459 29573 medium 1
29482 29633 small 0
29729 29804 tiny 2
29734 29871 tiny 0
29865 29925 small 0
29960 30069 small 2
30120 30299 tiny 2
30421 30511 medium 0
30436 30578 tiny 1
30457 30550 tiny 2
30464 30593 medium 2
30523 30780 small 0
30540 30760 medium 1
30998 31164 tiny 0
31272 31401 tiny 2
31661 31794 tiny 0
31770 31867 tiny 2
32249 32355 tiny 2
32443 32991 tiny 2
33057 33161 tiny 2
33086 33178 small 0
33519 33772 tiny 2
33529 33651 small 1
33533 33632 small 0
33794 33941 tiny 1
33879 34162 tiny 2
34066 34130 small 2
34429 34558 tiny 2
34654 34841 tiny 2
35123 35224 tiny 2
35197 35381 small 2
35344 35438 tiny 2
35713 35833 small 2
36813 36882 tiny 2
37059 37261 tiny 2
37173 37313 tiny 1
37955 38138 tiny 2
37996 38125 small 0
38103 38206 tiny 1
38115 38261 medium 2
38229 38380 tiny 2
38517 38606 tiny 2
39160 39544 tiny 2
39754 40012 tiny 1
39755 39915 tiny 2
39796 39904 small 1
39832 40015 medium 2
40669 40726 tiny 2
40833 41031 small 0
40846 41032 tiny 2
41095 41240 tiny 0
41577 41933 tiny 2
42353 42402 tiny 2
42447 42647 small 0
42528 42680 medium 1
43186 43279 tiny 2
43395 43543 tiny 1
43731 43889 medium 1
43765 43872 small 0
43789 43879 tiny 2
43796 43832 tiny 1
44469 44591 tiny 2
44795 44993 medium 0
44808 44929 medium 2
44816 44976 tiny 1
44851 44981 tiny 2
45417 45543 tiny 2
45661 45804 tiny 1
45665 45782 medium 2
45691 45755 tiny 2
46041 46173 small 1
46393 46534 tiny 2
47002 47269 tiny 2
47333 47478 tiny 2
47717 47919 tiny 2
47756 47823 small 2
48046 48190 small 0
48091 48298 tiny 2
48099 48178 medium 1
48587 48662 tiny 1
48679 48812 small 0
48685 48897 tiny 2
48817 48914 small 2
49012 49419 tiny 2
49611 49735 tiny 2
49833 50150 tiny 2
50348 50845 tiny 2
50835 50982 small 0
51071 51175 tiny 2
51331 51410 tiny 1
51405 51588 tiny 2
51540 51683 medium 1
51577 51713 small 0
51697 51824 tiny 2
51824 51893 small 1
52028 52113 tiny 2
52244 52434 small 0
52244 52438 medium 1
52312 52401 tiny 0
52316 52425 tiny 2
52859 52977 small 0
52895 53000 medium 1
53026 53108 tiny 2
53447 53629 small 0
53502 53625 small 2
53601 53707 tiny 2
53700 53873 tiny 0
53797 53960 tiny 2
53932 54031 small 0
54091 54165 small 1
54214 54420 tiny 2
54570 54663 tiny 2
54900 55004 medium 1
54908 55017 tiny 1
54943 55001 small 0
55048 55112 tiny 2
55283 55403 small 1
56011 56148 tiny 2
56233 56375 tiny 1
56319 56468 small 0
56322 56562 small 1
56381 56487 tiny 2
56388 56497 medium 1
56565 56720 tiny 2
56839 57081 tiny 2
57091 57175 small 1
57167 57335 tiny 2
57214 57437 tiny 1
57323 57421 medium 2
57429 57540 small 0
57445 57638 tiny 2
57805 58238 tiny 2
57891 58051 small 1
58235 58544 tiny 1
58369 58531 small 0
58756 58878 tiny 1
58774 58876 medium 2
59035 59157 small 0
59251 59379 tiny 2
59509 59726 tiny 2
59942 60118 tiny 1
59958 60071 medium 2
60086 60453 tiny 2
60279 60394 tiny 1
60515 60712 tiny 2
61429 61600 tiny 2
61852 61960 medium 0
61884 62001 small 0
61891 61990 tiny 1
61904 61970 tiny 0
61917 62019 medium 2
62092 62361 tiny 2
62568 62727 tiny 2
62806 62995 small 0
62806 62997 medium 1
63213 63344 tiny 2
63331 63442 tiny 0
63462 63539 small 0
63680 63751 medium 2
63695 63791 medium 0
63717 63791 tiny 1
63953 64068 small 1
64410 64481 tiny 2
64486 64645 medium 2
64501 64650 medium 0
64511 64631 tiny 1
64654 64968 tiny 2
65379 65485 tiny 2
65619 65674 tiny 2
65731 65818 small 2
66176 66284 tiny 1
66197 66280 medium 2
66634 66782 tiny 0
66835 66931 tiny 2
67060 67278 tiny 2
67485 67598 small 0
67516 67610 medium 1
67849 67973 small 1
68020 68082 tiny 2
68367 68469 tiny 2
68609 68715 tiny 2
69037 69174 tiny 2
69172 69298 tiny 1
69470 69561 tiny 1
69650 69827 tiny 2
69955 70237 tiny 2
70148 70266 small 1
70535 70672 tiny 2
71107 71391 tiny 2
71313 71488 small 0
71392 71474 tiny 1
71721 71919 tiny 2
72111 72196 small 0
72337 72410 tiny 2
72545 72659 medium 1
72563 72701 small 0
72651 72768 tiny 2
72691 72780 tiny 1
72700 72767 medium 2
72908 73055 tiny 2
73184 73313 tiny 2
73660 73756 tiny 2
73886 73977 tiny 2
73892 74010 medium 2
73895 73958 tiny 1
74316 74464 tiny 2
74710 74971 tiny 2
75066 75167 tiny 1
75100 75237 medium 2
75322 75465 tiny 2
76074 76385 tiny 2
76480 76670 tiny 2
76973 77141 tiny 2
77362 77505 tiny 1
77376 77636 tiny 2
77386 77461 medium 2
77735 77802 tiny 2
77953 78084 tiny 1
77967 78153 tiny 2
78159 78333 tiny 0
78230 78278 small 2
78556 78697 tiny 0
78719 78903 tiny 2
79493 79795 tiny 2
80100 80227 tiny 2
80470 80563 tiny 2
81429 81575 tiny 1
81662 81836 tiny 2
81770 81950 small 0
81771 81891 medium 1
81951 82059 tiny 1
82050 82173 tiny 2
82735 82991 tiny 2
83506 83591 tiny 2
83722 83795 small 2
83991 84187 tiny 2
84591 84654 small 1
84777 84944 tiny 2
85017 85181 tiny 0
85063 85123 tiny 2
85393 85542 tiny 2
85773 85968 tiny 2
85999 86108 small 1
86375 86496 tiny 1
