#base_trace: ldns04, config_file: configs/scheduling/personal-config7.xml, total_servers: 9, total_time: 86400, time_dist_mean: 1.980000, time_dist_stdev: 0.760000, node_dist_mean: 0.270000, node_dist_stdev: 1.780000
222 332 medium 0
1674 1742 medium 0
3047 3153 medium 0
3887 4030 small 0
4001 4122 small 2
4133 4274 medium 0
4658 4792 tiny 0
5121 5193 small 2
5614 5718 small 2
5744 5875 medium 0
5913 6055 medium 0
6067 6209 tiny 0
7057 7140 medium 0
7305 7376 tiny 0
8485 8746 medium 0
8823 8970 medium 0
10131 10267 medium 0
10858 11232 medium 0
12096 12213 medium 0
12678 12754 medium 0
13152 13233 small 2
14145 14235 medium 0
14705 14855 tiny 0
16399 16501 medium 0
16679 16838 medium 0
19835 20130 medium 0
20591 20756 medium 0
20714 20806 tiny 0
22152 22270 medium 0
22992 23095 medium 0
23205 23331 medium 0
23233 23394 tiny 0
24179 24349 medium 0
25162 25311 medium 0
25875 26010 medium 0
28841 29013 tiny 0
29461 29614 medium 0
29679 29825 medium 0
30408 30561 medium 0
32266 32352 medium 0
32459 32601 small 2
32605 32708 medium 0
33592 33637 tiny 0
34416 34550 medium 0
35140 35254 medium 0
37057 37281 medium 0
37482 37592 small 2
38204 38327 medium 0
39297 39563 medium 0
39786 39914 medium 0
39805 39940 tiny 0
40887 40999 medium 0
41616 41753 medium 0
41995 42054 tiny 0
42288 42416 medium 0
43041 43191 tiny 0
43164 43291 medium 0
43797 43891 medium 0
44078 44245 small 2
44827 44982 medium 0
45465 45541 medium 0
45898 46046 small 2
45922 46139 tiny 0
47104 47250 medium 0
48082 48335 medium 0
48707 48777 medium 0
49025 49166 medium 0
49900 49961 medium 0
50274 50383 tiny 0
50395 50511 medium 0
51037 51238 medium 0
51676 51791 medium 0
51771 51930 tiny 0
52034 52189 medium 0
52299 52368 medium 0
54083 54153 tiny 0
54795 54899 small 2
55263 55358 tiny 0
56374 56595 tiny 0
56962 57114 medium 0
57098 57176 tiny 0
57173 57352 medium 0
57447 57596 medium 0
57925 58059 medium 0
57942 58068 tiny 0
59260 59326 medium 0
61429 61550 medium 0
62147 62229 medium 0
62841 62953 small 0
63873 63993 tiny 0
64625 64772 medium 0
67035 67298 medium 0
67836 67993 tiny 0
68369 68457 small 2
68558 68693 medium 0
69110 69219 medium 0
69886 70075 medium 0
70156 70268 medium 0
70176 70312 tiny 0
71086 71278 medium 0
71819 71992 medium 0
72081 72184 small 2
72715 72806 medium 0
72926 73074 medium 0
73798 73875 small 2
75320 75412 medium 0
76072 76190 medium 0
77020 77108 medium 0
77438 77585 medium 0
77678 77873 medium 0
78083 78190 medium 0
79505 79597 medium 0
80090 80208 medium 0
83461 83558 medium 0
83976 84053 medium 0
84528 84687 tiny 0
85422 85491 medium 0
85899 85993 small 2
86018 86119 tiny 0
