#base_trace: ldns04, config_file: configs/testing/day1/config100.xml, total_servers: 100, total_time: 86400, time_dist_mean: 1.980000, time_dist_stdev: 0.760000, node_dist_mean: 0.270000, node_dist_stdev: 1.780000
0 101 4xlarge 3
0 32 5xlarge 6
60 177 6xlarge 8
64 170 medium 0
100 178 medium 8
111 154 tiny 6
215 422 5xlarge 8
336 458 xlarge 0
394 581 4xlarge 3
537 688 4xlarge 9
548 659 xlarge 9
556 947 5xlarge 8
562 660 5xlarge 6
577 649 3xlarge 0
584 680 5xlarge 5
645 822 xlarge 0
790 997 medium 8
812 934 tiny 5
1066 1798 5xlarge 8
1114 1258 4xlarge 3
1122 1275 5xlarge 6
1158 1242 medium 1
1354 1519 5xlarge 4
1365 1520 3xlarge 8
1389 1532 xlarge 0
1474 1606 5xlarge 6
1620 1739 xlarge 9
1626 1771 3xlarge 0
1633 1781 5xlarge 5
1665 1798 xlarge 0
1666 1766 medium 8
1721 1888 5xlarge 6
1881 2369 5xlarge 8
1958 2153 medium 8
2239 2344 medium 8
2322 2514 medium 0
2340 2465 5xlarge 6
2382 2511 4xlarge 3
2492 2725 5xlarge 8
2562 2688 medium 8
2712 2815 medium 0
2795 2919 medium 8
2831 2964 5xlarge 8
3046 3174 tiny 5
3051 3214 medium 1
3058 3220 medium 6
3058 3213 5xlarge 8
3105 3156 2xlarge 8
3114 3156 4xlarge 3
3115 3183 6xlarge 3
3159 3446 5xlarge 6
3307 3413 3xlarge 4
3324 3462 3xlarge 2
3350 3432 5xlarge 8
3409 3557 medium 8
3547 3645 medium 0
3568 3716 5xlarge 6
3648 4247 5xlarge 8
3701 3803 xlarge 0
3768 3938 5xlarge 6
3891 4056 medium 8
3956 4063 xlarge 0
4235 4380 tiny 2
4288 4426 2xlarge 1
4559 4957 5xlarge 8
4633 4715 5xlarge 6
4890 5118 4xlarge 3
4956 5150 medium 0
4997 5124 tiny 6
5012 5100 6xlarge 8
5022 5093 medium 8
5593 5739 small 6
5595 5706 small 2
5596 5678 5xlarge 6
5623 5722 3xlarge 9
5989 6076 5xlarge 6
6045 6316 5xlarge 8
6059 6193 medium 8
6232 6299 5xlarge 6
6290 6398 medium 8
6547 6783 medium 1
6547 6635 medium 8
6564 6768 medium 0
6567 6776 small 9
6585 6692 5xlarge 8
6600 6778 4xlarge 3
6683 6775 5xlarge 6
6840 7486 5xlarge 8
7124 7276 xlarge 0
7491 7623 small 6
7508 7635 tiny 3
7523 7679 small 2
7542 7653 3xlarge 9
7743 7838 3xlarge 0
7768 7904 4xlarge 9
7771 7915 5xlarge 5
7785 7840 small 8
7800 7899 xlarge 9
7841 8139 medium 8
7881 8240 5xlarge 8
7908 8218 xlarge 0
8010 8083 4xlarge 3
8201 8336 4xlarge 3
8229 8388 medium 1
8276 8364 small 9
8329 8863 5xlarge 8
8340 8459 xlarge 0
8560 8845 xlarge 0
8574 8853 4xlarge 7
8588 8751 small 5
8588 8874 3xlarge 8
8619 8806 5xlarge 4
8804 8996 3xlarge 9
8839 8988 small 6
8866 8953 small 2
9048 9154 6xlarge 1
9057 9221 xlarge 6
9172 9284 medium 1
9172 9280 5xlarge 4
9192 9312 xlarge 0
9222 9305 4xlarge 3
9234 10050 5xlarge 8
9236 9301 small 9
9240 9343 3xlarge 8
9432 9514 medium 8
9568 9780 4xlarge 3
9657 9771 medium 8
9662 9760 medium 0
9690 9760 xlarge 0
9812 9913 5xlarge 6
10152 10275 5xlarge 6
10182 10239 small 6
10247 11086 5xlarge 8
10395 10547 tiny 5
11193 11458 xlarge 9
11252 11512 5xlarge 5
11270 11333 4xlarge 9
11277 11472 3xlarge 0
11359 11432 5xlarge 8
11566 12705 5xlarge 8
11674 11840 medium 1
11724 11856 4xlarge 3
11738 11864 small 9
11742 11803 xlarge 0
11956 12033 5xlarge 6
11976 12050 3xlarge 0
12040 12215 medium 8
12277 12452 medium 8
12537 12648 6xlarge 8
12586 12664 medium 0
12597 12644 tiny 6
12661 12909 tiny 5
12681 12959 2xlarge 8
12760 12899 3xlarge 0
12769 12893 medium 6
12790 12946 5xlarge 8
12890 13069 small 6
12903 13074 medium 1
12908 13004 4xlarge 3
12918 13049 small 9
13001 13190 medium 8
13152 13286 5xlarge 8
13298 13488 4xlarge 3
13300 13375 medium 1
13392 14858 5xlarge 8
13505 13767 medium 8
13742 13911 xlarge 0
13849 13953 small 2
13863 14020 small 6
13867 13963 3xlarge 9
13888 13958 3xlarge 0
14004 14224 5xlarge 6
14456 14835 medium 8
14816 14966 5xlarge 6
14925 15110 medium 0
14941 15398 5xlarge 8
14951 15094 xlarge 0
14986 15058 medium 8
15045 15232 medium 1
15053 15209 4xlarge 3
15325 15514 medium 8
15520 15681 5xlarge 2
15528 15650 2xlarge 6
15531 15704 small 6
15532 15714 small 2
15541 15698 tiny 3
15559 15700 3xlarge 9
15577 15664 tiny 1
15684 16282 medium 8
15801 15883 5xlarge 6
15839 15895 5xlarge 8
15904 16051 medium 0
16016 16557 5xlarge 8
16420 16483 medium 8
16474 16647 5xlarge 6
16502 16594 medium 1
16545 16627 4xlarge 3
16557 16656 small 9
16721 16847 5xlarge 8
16884 17025 medium 8
16999 17201 5xlarge 6
17093 17754 5xlarge 8
17112 17267 4xlarge 3
17225 17484 medium 0
17338 17477 tiny 6
17359 17511 6xlarge 8
17455 17566 5xlarge 6
17704 17861 medium 8
17869 17931 5xlarge 8
17959 18060 2xlarge 1
17995 18089 tiny 2
18050 18292 4xlarge 3
18108 18309 5xlarge 8
18226 18550 5xlarge 6
18332 18579 medium 8
18407 18577 small 9
18440 18823 5xlarge 8
18463 18515 medium 1
18474 18631 4xlarge 3
18639 18765 5xlarge 5
18691 18764 3xlarge 0
18698 18758 xlarge 9
18894 19032 5xlarge 8
19016 19199 4xlarge 1
19045 19301 medium 8
19075 19116 tiny 4
19173 19258 5xlarge 6
19275 19367 5xlarge 8
19377 19543 medium 8
19507 19779 5xlarge 8
19604 19741 small 6
19619 19799 3xlarge 9
19639 19761 small 2
19915 19970 3xlarge 0
19916 20361 5xlarge 8
20077 20246 small 9
20085 20267 4xlarge 3
20100 20255 small 6
20110 20197 medium 1
20122 20212 small 2
20159 20259 3xlarge 9
20243 20362 medium 8
20443 20575 tiny 5
20451 20587 2xlarge 8
20486 20585 5xlarge 8
20796 20949 medium 8
20927 21037 5xlarge 8
21273 21447 5xlarge 8
21277 21468 medium 8
21305 21449 tiny 5
21517 21661 xlarge 6
21564 21879 5xlarge 8
21593 21632 6xlarge 1
21763 21885 medium 8
21813 21886 xlarge 0
21998 22182 4xlarge 3
22119 22272 3xlarge 9
22122 22264 5xlarge 2
22134 22248 5xlarge 6
22154 22402 5xlarge 8
22157 22239 small 2
22159 22371 medium 0
22162 22268 small 6
22173 22237 tiny 3
22181 22384 6xlarge 8
22194 22382 tiny 6
22299 22396 medium 8
22543 22594 medium 8
22723 22996 5xlarge 8
22780 22866 medium 8
22866 22962 5xlarge 6
22972 23073 3xlarge 0
23099 23331 5xlarge 8
23112 23337 5xlarge 6
23460 23631 large 0
23472 23741 5xlarge 6
23474 23565 3xlarge 1
23505 23629 3xlarge 4
23512 23602 3xlarge 2
23561 23802 medium 8
23587 23864 4xlarge 3
23613 24679 5xlarge 8
23683 23867 4xlarge 1
23702 23821 2xlarge 8
23702 23850 3xlarge 0
23710 23849 tiny 5
23713 23824 medium 1
23756 23836 tiny 4
24055 24171 medium 0
24168 24452 medium 8
24762 24875 4xlarge 3
24789 24879 small 9
24835 24911 medium 1
24887 25041 5xlarge 8
25027 25129 6xlarge 1
25054 25113 large 8
25059 25172 xlarge 6
25117 25305 tiny 5
25119 25244 medium 6
25147 25294 2xlarge 8
25159 25421 5xlarge 8
25366 25508 small 9
25373 25516 medium 1
25438 25557 4xlarge 3
25513 25653 tiny 5
25515 25646 6xlarge 3
25520 25629 medium 6
25534 25664 2xlarge 8
25539 25718 5xlarge 8
25722 25854 3xlarge 2
25726 25858 3xlarge 4
25744 25857 6xlarge 1
25754 25909 3xlarge 1
25759 25854 large 0
25762 25910 5xlarge 6
25774 26036 medium 8
25886 26138 5xlarge 8
26096 26193 5xlarge 6
26219 26369 tiny 5
26325 26478 5xlarge 6
26339 26439 5xlarge 8
26470 26585 small 6
26557 26684 5xlarge 5
26562 26715 xlarge 9
26586 26731 4xlarge 9
26604 26817 medium 8
26636 26734 5xlarge 8
26637 26717 3xlarge 0
26869 26991 5xlarge 8
26984 27097 5xlarge 6
27040 27196 4xlarge 3
27513 27640 medium 0
27532 27706 xlarge 0
27537 27652 5xlarge 8
27681 27836 medium 8
27755 27912 5xlarge 8
27774 27955 2xlarge 1
27792 27937 tiny 2
27950 28003 medium 0
27998 28783 5xlarge 8
28177 28289 xlarge 0
28390 28525 tiny 5
28547 28612 medium 8
28722 28896 4xlarge 3
28724 28885 xlarge 6
28746 28916 6xlarge 1
28776 28849 medium 8
29147 29254 4xlarge 3
29210 29314 xlarge 6
29231 29388 6xlarge 1
29332 29431 4xlarge 3
29387 29610 5xlarge 8
29578 29693 medium 0
29607 29757 4xlarge 3
29731 29798 5xlarge 8
29802 29948 medium 0
29860 29975 tiny 6
29860 29936 6xlarge 8
29912 30101 5xlarge 8
29993 30109 3xlarge 0
30050 30206 4xlarge 3
30353 30399 5xlarge 6
30778 30921 xlarge 0
30786 30885 3xlarge 8
30804 30899 5xlarge 8
30816 30949 5xlarge 4
31114 31256 5xlarge 8
31182 31232 medium 8
31374 31551 tiny 5
31408 31474 4xlarge 3
31532 31597 3xlarge 0
31538 31623 xlarge 9
31557 31629 5xlarge 5
31594 31744 medium 8
31647 31916 5xlarge 8
31715 31906 4xlarge 3
32105 32211 5xlarge 6
32126 32445 5xlarge 8
32130 32206 3xlarge 0
32193 32364 small 6
32275 32361 medium 0
32370 32453 4xlarge 3
32453 32707 5xlarge 6
32618 32802 5xlarge 8
32933 33063 5xlarge 8
32935 33108 5xlarge 5
32937 33049 xlarge 9
32947 33037 xlarge 0
32990 33043 3xlarge 0
33152 33325 tiny 5
33209 33320 5xlarge 8
33420 33588 6xlarge 1
33422 33545 xlarge 6
33515 33649 small 6
33524 33650 tiny 3
33531 33661 5xlarge 8
33541 33631 5xlarge 2
33558 33701 small 2
33591 33646 3xlarge 9
33640 33803 4xlarge 3
33663 33945 medium 8
33753 33946 5xlarge 8
33949 34038 5xlarge 6
34008 34127 tiny 4
34016 34115 xlarge 5
34037 34177 4xlarge 1
34064 34148 medium 8
34257 34363 5xlarge 6
34414 34795 medium 8
34472 34716 5xlarge 8
34518 34627 tiny 4
34525 34673 4xlarge 1
34917 35113 small 6
34953 35092 4xlarge 3
35020 35128 3xlarge 9
35034 35151 small 2
35102 35210 medium 8
35135 35202 5xlarge 6
35147 35195 5xlarge 8
35358 35513 5xlarge 8
35484 35615 tiny 5
35569 35750 tiny 6
35573 35751 6xlarge 1
35578 35682 large 8
35582 35684 5xlarge 6
35592 35746 4xlarge 3
35604 35735 6xlarge 8
35606 35738 medium 1
35606 35682 5xlarge 8
35613 35701 medium 0
35637 35701 small 9
35640 35754 xlarge 6
35943 36056 5xlarge 8
36171 36351 medium 8
36340 36479 small 6
36430 36541 5xlarge 6
36437 36529 3xlarge 4
36479 36514 3xlarge 2
36651 36783 5xlarge 8
36653 36762 5xlarge 4
36655 36937 medium 8
36713 36782 xlarge 0
36795 36915 medium 0
37119 37521 5xlarge 8
37121 37304 5xlarge 6
37256 37507 tiny 4
37258 37601 medium 8
37289 37356 xlarge 0
37311 37481 4xlarge 1
37510 37624 tiny 6
37560 37785 medium 0
37837 37998 xlarge 9
37844 37953 3xlarge 0
37884 38022 4xlarge 9
37909 37999 5xlarge 5
37994 38099 5xlarge 6
38110 38388 5xlarge 8
38268 38376 tiny 5
38436 38605 4xlarge 3
38463 38613 small 9
38489 38625 medium 1
38563 38820 6xlarge 1
38606 39103 5xlarge 8
38750 38851 5xlarge 6
38753 38851 xlarge 6
39042 39191 5xlarge 6
39300 39445 xlarge 9
39331 39473 4xlarge 3
39345 39434 3xlarge 0
39345 39651 5xlarge 8
39349 39401 5xlarge 5
39541 39666 5xlarge 6
39671 39777 tiny 5
39948 40035 xlarge 0
39949 40154 medium 8
39958 40140 5xlarge 8
40241 40557 5xlarge 8
40282 40380 medium 8
40363 40487 xlarge 0
40368 40502 small 5
40376 40538 4xlarge 7
40392 40510 3xlarge 8
40416 40505 5xlarge 4
40632 40778 5xlarge 8
40842 40999 3xlarge 0
40850 40965 medium 8
40850 40973 5xlarge 5
40872 40981 medium 0
40905 40971 xlarge 9
40977 41228 5xlarge 8
41025 41091 xlarge 0
41093 41233 5xlarge 6
41109 41226 4xlarge 3
41317 41502 5xlarge 4
41321 41458 5xlarge 8
41361 41433 xlarge 0
41375 41438 3xlarge 8
41569 41720 6xlarge 8
41576 41680 5xlarge 8
41584 41680 5xlarge 4
41586 41717 medium 8
41590 41720 small 5
41591 41689 xlarge 0
41594 41681 3xlarge 8
41630 41741 4xlarge 7
41635 41696 medium 0
41638 41742 tiny 6
41855 41986 medium 0
41869 41998 medium 8
41973 42110 3xlarge 9
41992 42052 small 6
41995 42052 small 2
42115 42222 5xlarge 6
42168 42345 medium 0
42184 42281 5xlarge 8
42330 42436 4xlarge 3
42431 42590 6xlarge 8
42439 42538 medium 0
42468 42584 tiny 6
42593 42808 5xlarge 8
42671 42823 medium 0
42752 42888 2xlarge 6
42766 42894 5xlarge 2
42770 42934 6xlarge 2
42774 42912 small 2
42796 42886 tiny 3
42811 42885 3xlarge 9
42820 42909 tiny 1
42820 42882 small 6
42820 42924 medium 8
43012 43165 5xlarge 6
43034 43181 medium 1
43073 43158 4xlarge 3
43116 43278 5xlarge 8
43399 43484 5xlarge 8
43637 43721 3xlarge 9
43646 43716 small 6
43661 43713 small 2
43729 44001 medium 8
43730 43863 tiny 5
43762 43876 5xlarge 8
43867 44023 tiny 4
43867 44021 4xlarge 1
43890 43982 5xlarge 6
44086 44195 large 5
44086 44205 2xlarge 1
44091 44209 xlarge 9
44113 44206 tiny 2
44122 44224 xlarge 8
44135 44244 3xlarge 0
44336 44489 5xlarge 8
44558 44952 5xlarge 8
45056 45212 5xlarge 8
45065 45237 medium 8
45294 45436 4xlarge 3
45333 45434 medium 8
45579 45645 small 6
45649 45785 2xlarge 8
45660 45812 tiny 5
45690 45831 medium 6
45703 45801 6xlarge 3
45827 45928 5xlarge 6
46016 46120 5xlarge 8
46071 46132 xlarge 0
46278 46393 5xlarge 6
46282 46396 medium 8
46287 46408 4xlarge 1
46294 46391 xlarge 5
46310 46414 tiny 4
46383 46559 xlarge 0
46411 46471 5xlarge 8
46628 46732 6xlarge 1
46631 46772 xlarge 6
46640 46752 medium 0
46849 47140 5xlarge 8
46965 47120 xlarge 0
47072 47233 4xlarge 3
47080 47273 small 9
47090 47249 medium 1
47445 47611 5xlarge 4
47478 47607 4xlarge 3
47491 47568 medium 1
47494 47626 xlarge 0
47519 47609 5xlarge 8
47688 47862 5xlarge 6
47832 47976 4xlarge 3
47860 47983 3xlarge 0
47871 47914 xlarge 9
48058 48273 5xlarge 8
48086 48208 5xlarge 6
48475 48574 5xlarge 6
48639 49266 5xlarge 8
48953 49015 medium 8
49254 49426 4xlarge 3
49381 49720 5xlarge 8
49492 49648 tiny 5
49533 49615 2xlarge 8
49543 49602 5xlarge 6
49850 50071 medium 8
49855 50231 5xlarge 8
50119 50217 4xlarge 3
50122 50233 small 9
50144 50253 medium 1
50494 50635 4xlarge 3
50519 50634 5xlarge 8
50674 50832 small 2
50689 50846 5xlarge 5
50698 50862 4xlarge 3
50699 50832 3xlarge 9
50753 50876 small 6
50754 50805 3xlarge 0
50760 50873 xlarge 9
50868 50981 5xlarge 8
50915 51032 small 6
50920 51083 small 2
50956 51047 medium 8
50962 51034 3xlarge 9
51036 51179 medium 0
51046 51160 2xlarge 7
51073 51186 5xlarge 8
51114 51212 6xlarge 8
51118 51202 tiny 6
51282 51447 2xlarge 8
51291 51413 medium 6
51322 51474 medium 0
51350 51423 tiny 5
51353 51556 medium 8
51476 51581 5xlarge 8
51519 51671 tiny 6
51552 51708 medium 0
51558 51674 6xlarge 8
51714 51837 medium 8
51811 52010 5xlarge 8
52235 52366 3xlarge 1
52237 52410 5xlarge 6
52253 52389 3xlarge 4
52272 52777 5xlarge 8
52281 52380 large 0
52316 52395 3xlarge 2
52386 52542 medium 8
52395 52532 xlarge 0
52615 52744 6xlarge 8
52616 52782 large 2
52618 52739 4xlarge 3
52637 52763 2xlarge 7
52653 52778 tiny 6
52675 52762 medium 0
52993 53156 medium 8
53097 53269 medium 0
53118 53199 6xlarge 8
53133 53256 5xlarge 8
53148 53239 tiny 6
53328 53877 5xlarge 8
53391 53469 medium 8
53392 53518 medium 0
54071 54171 xlarge 0
54077 54153 6xlarge 1
54081 54170 xlarge 6
54085 54347 5xlarge 8
54169 54336 6xlarge 8
54179 54343 tiny 6
54215 54296 5xlarge 6
54218 54272 small 6
54239 54306 medium 0
54343 54436 4xlarge 3
54457 54680 5xlarge 8
54719 54803 5xlarge 6
54905 55009 tiny 6
54913 55049 6xlarge 8
54915 55077 medium 0
55147 55295 5xlarge 8
55499 55619 xlarge 9
55521 55661 5xlarge 5
55530 55621 3xlarge 0
55603 55736 medium 8
55610 55773 5xlarge 8
55876 55955 5xlarge 8
56037 56191 medium 8
56085 56192 6xlarge 1
56100 56196 xlarge 6
56202 56341 small 2
56222 56321 3xlarge 9
56267 56368 small 6
56268 56505 5xlarge 8
56633 56869 5xlarge 8
56856 56920 5xlarge 6
56916 57111 5xlarge 8
56932 57115 medium 0
56939 57072 xlarge 9
56940 57062 3xlarge 0
56942 57097 xlarge 0
56942 57058 3xlarge 8
56959 57053 5xlarge 4
56966 57088 tiny 6
56967 57079 6xlarge 8
56992 57104 5xlarge 5
57046 57205 4xlarge 3
57056 57434 medium 8
57223 57343 5xlarge 6
57344 57450 5xlarge 8
57424 57593 small 6
57544 57650 medium 8
57572 57654 tiny 5
57573 57634 5xlarge 8
57643 57812 small 6
57687 57830 3xlarge 9
57698 57813 small 2
57758 57906 5xlarge 8
57767 57902 4xlarge 7
57773 57929 5xlarge 4
57776 57930 small 5
57780 57953 medium 0
57792 57949 6xlarge 4
57801 57915 xlarge 0
57818 57916 3xlarge 8
57916 58061 5xlarge 6
57940 58001 tiny 5
57943 58035 medium 8
58249 58395 medium 8
58403 58513 xlarge 0
58426 58537 5xlarge 8
58800 58899 medium 8
58887 58977 5xlarge 8
59081 59222 2xlarge 1
59144 59202 tiny 2
59220 59338 3xlarge 0
59248 59344 xlarge 9
59264 59373 5xlarge 5
59333 59436 5xlarge 8
59380 59511 medium 8
59741 59829 5xlarge 8
59803 59963 4xlarge 3
59982 60163 5xlarge 8
60298 60408 5xlarge 6
60298 60557 5xlarge 8
60462 60696 medium 8
60693 60933 5xlarge 8
60906 61050 3xlarge 0
60925 61375 5xlarge 6
60931 60995 medium 8
60992 61169 5xlarge 8
60994 61172 3xlarge 2
61240 61401 small 6
61246 61516 5xlarge 8
61261 61403 small 2
61283 61396 3xlarge 9
61427 61557 xlarge 0
61546 61601 small 6
61548 61678 3xlarge 9
61555 61638 small 2
61673 61763 tiny 5
61779 61889 xlarge 6
61794 61869 6xlarge 1
61857 62239 4xlarge 3
61895 62312 5xlarge 8
61902 62007 xlarge 9
61909 61984 5xlarge 5
61919 61981 3xlarge 0
61987 62133 small 9
62019 62153 medium 1
62393 62483 medium 8
62700 62964 medium 8
62703 62824 5xlarge 8
62992 63045 5xlarge 8
63098 63235 4xlarge 3
63214 63276 6xlarge 8
63223 63322 tiny 6
63240 63341 medium 0
63464 63547 4xlarge 3
63657 63793 5xlarge 8
63801 63934 medium 8
63946 64176 5xlarge 8
64246 64540 medium 8
64252 64357 4xlarge 3
64638 64890 5xlarge 8
64903 64974 5xlarge 6
65083 65223 5xlarge 8
65326 65476 5xlarge 8
65372 65436 medium 8
65375 65443 tiny 5
65514 65572 4xlarge 3
65588 65685 5xlarge 8
65634 65749 small 6
65719 65873 medium 0
65728 65857 6xlarge 8
65743 65800 tiny 6
65819 65951 4xlarge 3
66109 66197 4xlarge 3
66117 66200 medium 8
66323 66475 5xlarge 8
66565 66663 5xlarge 8
66761 67051 medium 8
66898 66993 tiny 5
66906 67027 5xlarge 6
66914 67002 medium 6
66916 67068 2xlarge 8
67000 67289 5xlarge 8
67167 67303 medium 0
67373 67544 medium 0
67380 67624 medium 8
67428 67514 tiny 6
67431 67519 5xlarge 8
67501 67670 small 6
67526 67606 small 2
67530 67604 3xlarge 9
67722 68031 5xlarge 8
67846 68011 medium 8
67916 68029 4xlarge 3
68090 68216 5xlarge 8
68100 68232 6xlarge 1
68359 68455 medium 6
68361 68495 tiny 5
68365 68495 medium 8
68386 68468 2xlarge 8
68468 68610 5xlarge 8
68608 68719 medium 0
68808 68960 medium 8
68923 69052 4xlarge 3
69119 69233 medium 8
69157 69317 5xlarge 8
69168 69323 4xlarge 3
69209 69320 tiny 5
69396 69574 5xlarge 8
69473 69592 5xlarge 6
69639 69916 medium 8
70164 70287 medium 8
70390 70501 5xlarge 8
70609 70953 5xlarge 8
70733 70854 medium 8
70759 70872 xlarge 0
70973 71073 xlarge 6
70984 71096 large 8
70994 71115 6xlarge 1
71012 71152 medium 8
71329 71474 4xlarge 3
71347 71456 medium 1
71366 71498 medium 8
71505 71614 5xlarge 8
71809 71960 medium 1
71816 71962 medium 6
71826 71947 tiny 5
71826 71955 4xlarge 3
71855 71980 small 9
71879 71941 2xlarge 8
71951 72116 5xlarge 8
71990 72039 5xlarge 6
72045 72201 xlarge 9
72048 72208 3xlarge 0
72055 72181 5xlarge 5
72099 72226 2xlarge 8
72114 72216 tiny 5
72114 72235 medium 6
72152 72353 6xlarge 8
72177 72310 medium 0
72193 72305 tiny 6
72346 72445 5xlarge 8
72410 72547 tiny 6
72469 72565 medium 0
72536 72713 medium 8
72643 72941 tiny 5
72652 72773 5xlarge 8
72763 72878 medium 0
72801 72877 2xlarge 8
72801 72955 4xlarge 3
73034 73148 xlarge 0
73039 73182 5xlarge 8
73155 73357 medium 0
73176 73253 5xlarge 6
73252 73431 small 2
73264 73427 small 6
73300 73414 3xlarge 9
73317 73363 5xlarge 8
73353 73655 4xlarge 3
73371 73510 medium 8
73514 73620 tiny 5
73750 73917 tiny 4
73752 73911 medium 8
73756 73867 5xlarge 6
73759 73884 4xlarge 1
73919 74006 3xlarge 0
73967 74075 5xlarge 8
74455 74588 medium 8
74721 74864 5xlarge 8
74931 75064 medium 8
75081 75231 4xlarge 3
75167 75354 5xlarge 5
75205 75549 5xlarge 8
75216 75327 3xlarge 0
75236 75328 xlarge 9
75281 75438 medium 8
75292 75414 tiny 2
75304 75411 2xlarge 1
75570 75700 medium 0
75638 75826 4xlarge 3
75795 75942 5xlarge 8
75890 76064 4xlarge 3
76034 76311 5xlarge 8
76612 76758 5xlarge 8
76628 76716 xlarge 0
76637 76713 medium 8
76731 76861 tiny 2
76766 76885 2xlarge 1
76847 76976 5xlarge 8
76867 77036 xlarge 0
76978 77125 5xlarge 5
77010 77077 xlarge 9
77015 77099 medium 0
77023 77103 3xlarge 0
77214 77365 5xlarge 8
77258 77348 small 9
77263 77313 4xlarge 3
77276 77359 medium 1
77518 77628 medium 8
77518 77556 5xlarge 6
77586 77809 5xlarge 8
77813 77981 4xlarge 3
77818 77980 5xlarge 6
77969 78170 5xlarge 8
78219 78472 medium 8
78354 78639 5xlarge 8
78400 78706 xlarge 0
78449 78572 3xlarge 2
78457 78511 5xlarge 6
78473 78563 3xlarge 4
78644 78795 3xlarge 9
78675 78822 small 2
78688 78774 small 6
78835 78916 5xlarge 8
79066 79149 tiny 5
79180 79293 medium 0
79273 79605 5xlarge 8
79425 79535 5xlarge 6
79427 79553 4xlarge 3
79510 79635 medium 8
79616 79746 tiny 6
79649 79781 6xlarge 8
79655 79712 medium 0
79743 79858 5xlarge 6
79873 80035 xlarge 6
79879 80012 3xlarge 0
79886 79985 5xlarge 5
79900 80071 5xlarge 8
79912 79964 xlarge 9
79917 80009 6xlarge 1
79978 80086 6xlarge 8
80000 80071 tiny 6
80012 80155 medium 0
80034 80158 xlarge 0
80074 80272 4xlarge 3
80222 80343 2xlarge 8
80254 80325 tiny 5
80376 80495 5xlarge 8
80752 80991 5xlarge 8
80946 81089 4xlarge 3
81319 81410 5xlarge 8
81555 81830 5xlarge 8
81585 81645 5xlarge 6
81707 81774 medium 8
81930 82078 5xlarge 8
82152 82242 5xlarge 8
82243 82358 5xlarge 6
82352 82630 medium 8
82408 82532 5xlarge 8
82600 82714 xlarge 0
82651 82903 5xlarge 8
83039 83131 5xlarge 8
83088 83208 xlarge 9
83107 83201 3xlarge 0
83118 83251 5xlarge 5
83230 83583 5xlarge 8
83338 83483 tiny 4
83381 83470 4xlarge 1
83392 83453 medium 8
83441 83587 small 6
83442 83569 5xlarge 2
83445 83551 small 2
83470 83581 4xlarge 3
83475 83638 3xlarge 9
83481 83568 tiny 3
83729 83985 5xlarge 8
84193 84301 medium 8
84273 84405 medium 6
84332 84406 2xlarge 8
84340 84446 xlarge 1
84347 84394 6xlarge 3
84350 84474 tiny 5
84422 84539 5xlarge 8
84477 84526 5xlarge 6
84479 84511 xlarge 0
84594 84637 medium 8
84635 84899 5xlarge 6
84812 84895 5xlarge 8
85066 85191 5xlarge 8
85067 85129 medium 8
85352 85477 medium 8
85369 85623 5xlarge 8
85370 85546 5xlarge 6
85792 86033 5xlarge 8
85868 85992 medium 8
86000 86149 6xlarge 1
86135 86377 medium 0
86137 86251 medium 8
86243 86364 5xlarge 6
86267 86361 5xlarge 8
86325 86472 small 6
86360 86579 4xlarge 3
86369 86468 small 2
86398 86443 3xlarge 9
86444 86590 small 9
86462 86618 medium 1
86694 86835 5xlarge 6
86724 86825 5xlarge 8
86849 86995 medium 8
86981 87038 5xlarge 8
87040 87157 4xlarge 1
87074 87207 tiny 4
87104 87457 medium 8
87111 87225 xlarge 5
87176 87550 5xlarge 8
87424 87533 xlarge 9
87440 87532 5xlarge 5
87447 87552 small 8
87471 87522 4xlarge 9
87475 87535 3xlarge 0
87653 87779 medium 8
87663 87833 tiny 4
87703 87773 4xlarge 1
87705 87794 5xlarge 8
87919 88077 medium 8
87923 88032 5xlarge 8
88038 88123 5xlarge 6
88127 88471 5xlarge 8
88162 88299 tiny 5
88285 88510 xlarge 0
88369 88496 medium 8
88617 88845 5xlarge 8
88719 88888 6xlarge 8
88730 88845 tiny 6
88743 88919 5xlarge 6
88768 88894 medium 0
89031 89104 medium 8
89111 89353 5xlarge 8
89115 89230 xlarge 9
89129 89266 4xlarge 9
89131 89227 3xlarge 0
89149 89240 5xlarge 5
89457 89798 5xlarge 8
89467 89605 5xlarge 6
89606 89679 xlarge 0
89828 89922 5xlarge 6
89960 90046 medium 0
90037 90206 5xlarge 8
90080 90194 medium 8
90157 90292 tiny 5
90531 90711 small 6
90548 90915 5xlarge 8
90561 90682 small 2
90593 90675 3xlarge 9
90787 90953 medium 0
90804 90953 tiny 6
90831 90896 6xlarge 8
90907 91040 medium 8
90995 91185 tiny 5
91290 91373 5xlarge 8
91292 91392 5xlarge 6
91355 91478 4xlarge 1
91382 91514 4xlarge 3
91383 91540 medium 1
91413 91498 medium 8
91415 91515 tiny 4
91419 91549 small 9
91483 91663 xlarge 0
91508 91667 5xlarge 8
91733 91862 xlarge 6
91772 91915 6xlarge 1
91839 91971 xlarge 0
91865 92197 5xlarge 8
92360 92690 5xlarge 8
92512 92599 4xlarge 3
92961 93088 xlarge 0
92968 93163 5xlarge 8
93322 93404 medium 8
93451 93547 5xlarge 6
93544 93694 tiny 5
93600 93688 medium 0
93806 93886 5xlarge 8
94009 94119 6xlarge 8
94036 94145 medium 0
94057 94190 xlarge 0
94058 94171 tiny 6
94079 94168 5xlarge 8
94394 94493 5xlarge 6
94407 94641 5xlarge 8
94483 94621 xlarge 0
94601 94729 2xlarge 7
94604 94750 tiny 6
94604 94905 5xlarge 6
94641 94736 large 2
94675 94789 6xlarge 8
94676 94759 medium 0
94723 94915 5xlarge 8
94732 94882 3xlarge 4
94747 94875 medium 8
94748 94910 3xlarge 2
94789 94868 xlarge 0
95000 95118 xlarge 6
95026 95141 6xlarge 1
95074 95196 5xlarge 8
95122 95375 5xlarge 6
95145 95361 medium 0
95230 95378 tiny 6
95239 95352 6xlarge 8
95498 95590 5xlarge 6
95519 95573 medium 8
95735 95797 5xlarge 8
95749 95797 xlarge 9
95750 95830 3xlarge 0
95926 96094 medium 0
95962 96072 5xlarge 6
95999 96044 5xlarge 8
96336 96395 4xlarge 3
96433 96599 medium 8
96583 96656 4xlarge 3
96687 96804 5xlarge 6
96752 96922 4xlarge 3
96759 96893 small 2
96799 96902 3xlarge 9
96808 96883 small 6
96898 97014 5xlarge 8
96904 97014 3xlarge 8
96905 97020 5xlarge 4
96944 97000 xlarge 0
96993 97161 4xlarge 3
97061 97163 5xlarge 6
97150 97237 tiny 5
97394 97479 4xlarge 3
97485 97677 tiny 4
97501 97669 medium 8
97546 97730 xlarge 0
97553 97668 4xlarge 1
97560 97841 5xlarge 8
97628 97737 5xlarge 4
97655 97765 3xlarge 8
97856 97954 small 9
97864 98000 6xlarge 8
97869 98012 4xlarge 3
97884 98024 medium 1
97890 98009 medium 0
97898 97995 tiny 6
98085 98237 medium 1
98086 98212 xlarge 0
98098 98278 small 9
98129 98205 5xlarge 8
98132 98277 4xlarge 3
98367 98578 5xlarge 8
98375 98490 4xlarge 3
98480 98557 medium 0
98916 99079 3xlarge 2
98930 99063 5xlarge 6
98994 99062 3xlarge 4
99100 99179 4xlarge 3
99287 99514 5xlarge 8
99355 99534 xlarge 0
99528 99774 medium 0
99561 99674 2xlarge 7
99563 99828 tiny 6
99565 99808 6xlarge 8
99649 99912 5xlarge 6
99770 99877 medium 8
99884 100196 medium 0
99929 100160 6xlarge 8
99935 100195 tiny 6
99943 100066 2xlarge 7
100152 100265 3xlarge 8
100164 100278 5xlarge 4
100187 100308 xlarge 0
100194 100280 5xlarge 8
100405 100520 4xlarge 3
100522 100667 medium 8
100767 100873 5xlarge 6
100781 100864 medium 8
100788 100873 5xlarge 8
101021 101235 5xlarge 8
101104 101255 5xlarge 6
101195 101324 medium 1
101213 101376 4xlarge 3
101261 101353 small 9
101465 101585 5xlarge 8
101584 101673 medium 8
101852 102161 5xlarge 8
102074 102197 5xlarge 6
102342 102396 5xlarge 8
102547 102716 3xlarge 9
102573 102811 5xlarge 8
102585 102661 small 2
102589 102669 small 6
102760 102894 medium 6
102789 102892 2xlarge 8
102806 102913 tiny 5
102872 103053 xlarge 0
102940 103033 5xlarge 8
103178 103273 5xlarge 8
103400 103655 5xlarge 8
103475 103648 medium 1
103489 103652 3xlarge 8
103517 103614 5xlarge 4
103553 103656 xlarge 0
103558 103629 4xlarge 3
104319 104575 4xlarge 3
104322 104497 5xlarge 5
104323 104473 small 8
104346 104513 4xlarge 9
104346 104604 5xlarge 8
104355 104626 small 9
104372 104506 xlarge 9
104393 104612 medium 1
104399 104481 3xlarge 0
104738 105065 5xlarge 8
104942 105088 5xlarge 6
105312 105470 medium 8
105406 105544 small 6
105426 105588 6xlarge 8
105438 105557 tiny 6
105438 105569 3xlarge 9
105455 105542 small 2
105456 105587 medium 0
105512 105718 6xlarge 1
105578 105646 4xlarge 3
105667 105752 5xlarge 6
105816 105906 5xlarge 8
105819 105929 4xlarge 3
106056 106154 4xlarge 3
106352 106507 medium 8
106499 106600 5xlarge 8
106513 106615 4xlarge 3
106961 107159 5xlarge 5
106977 107099 xlarge 9
106983 107128 3xlarge 0
106993 107234 5xlarge 8
107118 107197 tiny 6
107135 107215 xlarge 0
107136 107204 medium 0
107157 107258 6xlarge 8
107201 107317 5xlarge 6
107392 107586 5xlarge 8
107676 107859 5xlarge 8
107681 107849 small 9
107688 107968 medium 8
107688 107798 xlarge 0
107693 107803 medium 1
107741 107833 4xlarge 3
108088 108224 5xlarge 8
108416 108579 5xlarge 8
108677 108791 6xlarge 1
108689 108802 large 8
108712 108805 xlarge 6
108718 108814 5xlarge 8
108768 108901 5xlarge 6
108822 108936 medium 8
108929 109179 5xlarge 8
109025 109123 tiny 6
109029 109170 6xlarge 8
109042 109150 medium 0
109133 109270 medium 1
109188 109280 4xlarge 3
109398 109741 5xlarge 8
109620 109740 5xlarge 6
109625 109717 xlarge 0
109791 109915 medium 8
109955 110243 medium 8
110089 110217 5xlarge 8
110362 110515 5xlarge 8
110599 110748 5xlarge 8
110710 110833 2xlarge 1
110750 110812 tiny 2
110795 110941 4xlarge 3
110874 110968 5xlarge 6
111070 111451 5xlarge 8
111111 111290 xlarge 0
111279 111442 3xlarge 9
111290 111458 small 6
111304 111457 small 2
111346 111392 tiny 3
111352 111409 medium 0
111353 111436 5xlarge 2
111414 111565 medium 8
111468 111585 6xlarge 1
111643 111786 3xlarge 9
111701 111802 small 6
111705 111792 small 2
111794 111887 5xlarge 8
112065 112196 5xlarge 8
112172 112240 2xlarge 1
112181 112272 tiny 2
112793 112891 3xlarge 0
112862 112963 5xlarge 8
112876 112987 medium 8
112991 113152 small 6
113143 113251 5xlarge 6
113198 113383 5xlarge 8
113488 113878 5xlarge 8
113579 113689 xlarge 0
113800 113922 5xlarge 6
114118 114451 5xlarge 8
114229 114461 xlarge 0
114593 114649 medium 0
114754 114919 small 6
114759 114947 6xlarge 1
114760 114955 small 2
114765 115033 5xlarge 6
114788 114890 4xlarge 3
114795 114892 large 8
114807 114891 3xlarge 9
114808 114929 xlarge 6
114823 114952 medium 1
114835 114873 small 9
114881 115034 medium 8
114900 115077 4xlarge 9
114926 114997 5xlarge 5
114939 115012 3xlarge 0
114950 114993 xlarge 9
115058 115143 5xlarge 8
115277 115540 5xlarge 8
115364 115498 medium 0
115671 115754 5xlarge 8
115957 116140 xlarge 6
115961 116119 large 8
116018 116089 6xlarge 1
116081 116205 tiny 5
116093 116359 5xlarge 8
116433 116859 5xlarge 8
116611 116700 medium 8
116617 116754 5xlarge 6
116675 116817 5xlarge 4
116681 116858 xlarge 0
116758 116802 3xlarge 8
116968 117290 5xlarge 8
117221 117279 4xlarge 3
117278 117452 5xlarge 6
117321 117445 tiny 2
117357 117435 tiny 5
117524 117695 xlarge 0
117585 117769 5xlarge 8
118073 118240 5xlarge 8
118118 118303 6xlarge 3
118127 118315 xlarge 0
118144 118288 medium 6
118176 118240 tiny 5
118178 118300 xlarge 1
118193 118266 2xlarge 8
118479 118982 5xlarge 8
118492 118898 medium 8
118666 118779 xlarge 0
118839 119031 small 9
118849 118973 4xlarge 3
118867 118983 medium 1
118970 119088 medium 8
119382 119939 5xlarge 8
119838 119974 4xlarge 3
120059 120153 5xlarge 6
120084 120340 medium 8
120177 120325 5xlarge 8
120359 120403 3xlarge 0
120403 120522 medium 0
120442 120564 tiny 6
120465 120583 6xlarge 8
