#base_trace: nd07cpu, config_file: configs/scheduling/personal-config7.xml, total_servers: 9, total_time: 86400, time_dist_mean: 2.442000, time_dist_stdev: 0.661000, node_dist_mean: 1.433000, node_dist_stdev: 2.022000
0 114 tiny 1
59 321 small 0
281 453 tiny 1
642 752 small 0
998 1525 small 0
1618 1766 small 0
1875 1979 small 0
2129 2217 small 0
2361 2584 small 0
2493 2566 medium 2
2514 2619 small 1
2758 2955 small 0
3099 3313 small 0
3112 3157 tiny 1
3197 3325 small 1
3702 3812 small 0
3898 3995 small 1
3952 4026 medium 2
3954 4022 small 0
4127 4233 small 0
4493 4634 small 0
4784 4915 small 0
4885 5020 tiny 1
5553 5815 small 0
5977 6060 small 0
6565 6946 small 0
7023 7170 small 0
7611 7747 small 0
7858 7992 small 0
8105 8229 small 1
8496 8733 small 0
8838 9154 small 0
9092 9201 small 1
9705 10395 small 0
9791 9903 medium 2
9826 9953 small 1
10519 10621 small 0
10675 10734 tiny 1
10919 11318 small 0
11555 11970 small 0
12071 12356 small 0
12290 12435 medium 1
12321 12471 tiny 1
12552 12790 small 0
12922 13019 tiny 1
13032 13135 small 0
13245 13371 small 0
13314 13423 tiny 1
13619 13789 small 0
14002 14271 small 0
14355 14970 small 0
15061 15214 small 0
15399 15545 small 0
15411 15570 tiny 1
15768 16881 small 0
17026 17112 small 0
17245 17468 small 0
17736 17870 small 0
18100 18214 small 0
19297 19401 small 0
19604 19727 small 0
19626 19719 small 1
19857 20123 small 0
20466 20714 small 0
20967 21199 small 0
21576 21713 small 0
21768 21896 small 0
22164 22291 small 0
22551 22732 small 1
22557 22651 small 0
22867 23142 small 0
23265 23461 small 0
23824 24090 small 0
24202 24575 small 0
25043 25113 tiny 1
25067 25257 small 0
25385 26246 small 0
26500 26561 small 0
26755 26871 small 0
26917 27238 small 0
26982 27095 small 1
27357 27454 small 1
27436 27551 small 0
27794 28309 small 0
27903 27998 tiny 1
28419 28488 small 0
28642 28794 small 0
28973 29272 small 0
29443 29606 small 1
29487 29636 small 0
29725 29859 small 0
29925 30047 medium 0
30100 30286 small 0
30454 30555 tiny 1
30469 30590 small 0
30514 30838 small 1
31025 31175 tiny 0
31187 31509 small 0
31634 31726 tiny 0
31745 32972 small 0
33075 33218 small 0
33518 33773 small 0
33583 33692 small 2
33950 34179 small 0
33997 34135 medium 0
34366 34915 small 0
34996 35228 small 0
35326 35518 small 0
35939 36112 small 0
36355 36446 small 0
36806 36954 small 0
37040 37612 small 0
37792 37910 small 0
38020 38108 small 0
38138 38216 tiny 1
38198 38345 small 0
38438 38633 small 0
38963 39070 small 0
39185 39517 small 0
39769 39917 small 2
39770 40128 small 0
39822 39948 tiny 1
40501 40718 small 0
40896 41213 small 0
41622 41931 small 0
42310 42475 small 0
42717 42816 small 0
43189 43311 small 0
43482 43634 small 0
43744 43852 small 1
43786 43890 small 0
44475 44955 small 0
44793 44913 tiny 1
45442 45511 small 0
45714 45808 small 0
46365 46559 small 0
46740 46896 small 0
46991 47591 small 0
47722 47969 small 0
48068 48568 small 0
48116 48179 small 1
48676 48882 small 0
48768 48939 medium 0
49072 49376 small 0
49602 49718 small 0
49853 50078 small 0
50363 50868 small 0
51119 51573 small 0
51533 51688 medium 2
51548 51669 small 1
51642 51802 small 0
52025 52383 small 0
52244 52381 small 1
52917 53009 small 1
52959 53372 small 0
53563 53738 small 0
53822 53914 small 0
54219 54428 small 0
54581 54716 small 0
54934 55014 small 1
55047 55119 small 0
55265 55354 small 0
55516 55788 small 0
55967 56085 small 0
56335 56467 medium 2
56352 56505 small 1
56393 56456 small 0
56445 56557 small 2
56574 56752 small 0
56803 57105 small 0
57200 57348 small 0
57276 57433 tiny 1
57440 58268 small 0
58392 58530 small 0
58776 58912 tiny 1
59262 59336 small 0
59464 59730 small 0
60036 60432 small 0
60575 60921 small 0
61310 61612 small 0
61848 62007 tiny 1
62119 62356 small 0
62560 62730 small 0
62832 62990 small 1
62853 62985 medium 2
63179 63324 small 0
63658 63891 small 0
63698 63799 tiny 1
64060 64130 small 0
64376 64472 small 0
64487 64630 tiny 1
64671 64987 small 0
65366 65470 small 0
65576 65684 small 0
65989 66096 small 0
66201 66313 tiny 1
66825 66907 small 0
66994 67315 small 0
67508 67616 small 1
67558 67665 medium 2
67906 68145 small 0
68349 68480 small 0
68588 68676 small 0
68841 68973 small 0
69061 69209 small 0
69664 69807 small 0
69873 70410 small 0
70549 70660 small 0
70888 70964 small 0
71121 71358 small 0
71722 71926 small 0
72336 72564 small 0
72585 72702 small 1
72639 72804 small 0
72641 72762 tiny 1
72879 73050 small 0
73180 73308 small 0
73647 73765 small 0
73881 73953 tiny 1
73894 73954 small 0
74393 74508 small 0
74681 74931 small 0
75094 75198 tiny 1
75322 75407 small 0
75808 75932 small 0
76065 76409 small 0
76482 76653 small 0
76969 77138 small 0
77246 77618 small 0
77352 77433 tiny 1
77675 77874 small 0
77972 78219 small 0
78679 78939 small 0
79483 79766 small 0
80110 80248 small 0
80476 80556 small 0
81655 81769 small 0
81764 81912 small 1
82068 82194 small 0
82718 83014 small 0
83513 83586 small 0
83725 83844 medium 0
83992 84200 small 0
84760 84936 small 0
85011 85130 small 0
85369 85507 small 0
85776 86023 small 0
