#base_trace: nd07cpu, config_file: configs/testing/day1/config100.xml, total_servers: 100, total_time: 86400, time_dist_mean: 2.442000, time_dist_stdev: 0.661000, node_dist_mean: 1.433000, node_dist_stdev: 2.022000
0 86484 tiny 7
0 63 small 6
0 397 medium 6
0 86480 large 5
0 61 large 6
0 76 xlarge 1
0 87 2xlarge 0
0 2554 2xlarge 1
0 1005 2xlarge 4
0 41752 3xlarge 8
0 86460 4xlarge 3
0 37 6xlarge 4
32 579 6xlarge 8
47 199 4xlarge 7
48 232 5xlarge 5
55 573 4xlarge 2
64 225 6xlarge 1
70 184 tiny 3
71 199 3xlarge 0
72 186 2xlarge 3
81 185 3xlarge 9
82 164 medium 2
83 203 4xlarge 9
96 160 large 7
115 201 small 4
188 2570 large 6
238 352 4xlarge 8
329 435 6xlarge 9
345 452 xlarge 1
399 595 3xlarge 0
424 544 5xlarge 5
473 566 3xlarge 2
536 667 tiny 1
542 783 medium 6
557 633 medium 1
571 646 6xlarge 4
576 649 small 7
577 672 6xlarge 0
599 671 4xlarge 8
600 646 xlarge 1
663 769 6xlarge 9
700 813 small 5
788 958 5xlarge 5
789 948 small 6
791 927 3xlarge 2
803 2587 4xlarge 2
813 953 6xlarge 1
819 881 2xlarge 0
821 1019 6xlarge 8
826 879 2xlarge 3
835 1139 3xlarge 0
914 1020 4xlarge 8
932 1126 medium 6
1027 1155 medium 2
1132 1288 tiny 2
1134 1296 6xlarge 4
1160 1235 6xlarge 7
1161 1280 xlarge 1
1179 1869 2xlarge 4
1241 1367 3xlarge 0
1247 1407 5xlarge 4
1269 1372 medium 6
1296 1622 6xlarge 8
1379 1547 5xlarge 5
1396 1497 6xlarge 9
1405 1520 large 3
1415 1472 small 5
1421 1554 4xlarge 1
1428 1542 3xlarge 2
1431 1492 4xlarge 5
1438 1542 tiny 3
1439 1493 medium 2
1489 1663 xlarge 1
1502 2082 3xlarge 0
1525 1744 4xlarge 8
1553 2106 medium 6
1556 1652 6xlarge 4
1594 1768 3xlarge 3
1599 1766 6xlarge 9
1611 1798 2xlarge 3
1613 1718 6xlarge 1
1617 1747 6xlarge 0
1627 1783 tiny 1
1637 1783 6xlarge 6
1651 1740 5xlarge 4
1652 1795 small 5
1662 1745 large 0
1678 1788 medium 1
1729 1853 6xlarge 4
1732 1844 small 6
1751 1865 2xlarge 0
1753 1919 medium 2
1788 1904 tiny 3
1794 1890 xlarge 1
1967 3545 2xlarge 4
1977 2071 2xlarge 3
1993 2102 6xlarge 8
2015 2082 5xlarge 5
2015 2136 6xlarge 1
2021 2128 4xlarge 8
2038 2083 3xlarge 2
2192 2316 5xlarge 5
2194 2360 small 6
2198 2343 6xlarge 8
2224 2387 3xlarge 0
2227 2348 2xlarge 3
2228 5912 medium 6
2231 2349 5xlarge 4
2240 2311 6xlarge 1
2248 2329 3xlarge 5
2257 2338 3xlarge 2
2261 2346 5xlarge 6
2268 2326 2xlarge 0
2321 2484 6xlarge 4
2327 2446 xlarge 1
2333 2447 4xlarge 9
2341 2629 medium 2
2361 2503 6xlarge 7
2383 2503 large 7
2390 2463 tiny 2
2398 2482 tiny 3
2449 2562 4xlarge 8
2630 2673 3xlarge 0
2679 2831 tiny 3
2690 2917 medium 2
2714 2809 4xlarge 9
2716 2861 large 7
2719 2798 6xlarge 8
2731 3066 2xlarge 1
2733 2821 small 4
2795 2946 2xlarge 3
2804 2958 6xlarge 1
2824 3040 4xlarge 2
2850 2945 5xlarge 2
2861 4479 large 6
2864 2998 3xlarge 0
2918 3183 2xlarge 0
2943 3234 small 6
2959 3392 xlarge 1
3036 3230 small 1
3047 3234 5xlarge 8
3059 3153 4xlarge 0
3062 3152 4xlarge 8
3075 3202 5xlarge 0
3077 3301 6xlarge 8
3094 3179 2xlarge 9
3102 3158 5xlarge 5
3113 3228 medium 9
3119 3185 3xlarge 2
3204 3632 2xlarge 1
3222 3439 4xlarge 2
3235 3444 6xlarge 4
3307 3461 medium 8
3310 3467 6xlarge 7
3332 3414 tiny 2
3338 3458 tiny 6
3340 3434 3xlarge 4
3356 3421 tiny 8
3442 3561 2xlarge 3
3455 3538 3xlarge 0
3466 3593 4xlarge 8
3526 3705 xlarge 1
3528 3673 4xlarge 9
3559 3661 2xlarge 0
3562 3707 medium 2
3573 3698 tiny 3
3580 3655 small 6
3587 3692 6xlarge 4
3598 3665 4xlarge 2
3635 3838 3xlarge 2
3664 3833 6xlarge 9
3677 3807 3xlarge 0
3689 3785 5xlarge 5
3695 3817 small 5
3709 3803 6xlarge 8
3719 3756 2xlarge 4
3756 5159 2xlarge 1
3764 3887 2xlarge 0
3765 3952 small 6
3770 4276 4xlarge 2
3790 3946 xlarge 1
3829 3881 6xlarge 4
3886 4000 3xlarge 5
3888 4052 2xlarge 3
3893 4020 6xlarge 9
3894 4001 3xlarge 0
3895 4121 4xlarge 8
3928 4054 small 5
3931 4044 5xlarge 6
3941 4144 medium 2
4005 4546 2xlarge 4
4068 4159 tiny 3
4136 4401 3xlarge 0
4233 4419 xlarge 9
4248 4438 2xlarge 6
4252 4392 4xlarge 8
4257 4471 5xlarge 5
4264 4353 medium 2
4272 4406 xlarge 1
4274 4431 xlarge 2
4281 4409 large 9
4281 4552 6xlarge 8
4292 4432 small 9
4297 4475 3xlarge 2
4306 4431 xlarge 5
4309 4375 3xlarge 7
4358 4784 4xlarge 2
4382 4594 small 6
4404 4603 2xlarge 0
4493 4602 5xlarge 4
4499 4663 tiny 3
4512 4670 medium 2
4528 4620 large 0
4528 4742 4xlarge 8
4537 4659 6xlarge 6
4594 4733 3xlarge 0
4609 5333 large 6
4614 4723 6xlarge 4
4632 4778 xlarge 1
4645 4993 2xlarge 4
4653 4779 6xlarge 9
4873 4972 4xlarge 8
4900 4968 4xlarge 2
4911 5032 3xlarge 5
4952 5107 medium 2
4962 5192 3xlarge 2
4972 5238 xlarge 2
4975 5202 3xlarge 0
4976 5159 4xlarge 7
4978 5088 large 7
4982 5135 2xlarge 3
4985 5089 tiny 3
4995 5115 small 4
5004 5266 2xlarge 6
5007 5150 3xlarge 9
5016 5125 2xlarge 0
5023 5075 small 6
5031 5074 6xlarge 1
5031 5256 6xlarge 8
5034 5152 4xlarge 9
5040 5271 5xlarge 5
5099 5739 2xlarge 4
5101 5198 xlarge 1
5149 5222 6xlarge 4
5208 5368 medium 2
5243 5568 2xlarge 1
5244 5496 large 0
5246 5368 tiny 3
5246 5478 5xlarge 4
5268 5501 6xlarge 6
5272 5556 4xlarge 2
5279 5602 4xlarge 8
5333 5482 2xlarge 2
5337 5445 xlarge 6
5340 5436 medium 3
5342 5450 small 8
5358 5446 3xlarge 1
5376 5614 6xlarge 8
5383 5437 3xlarge 3
5393 5516 tiny 4
5399 5570 3xlarge 0
5478 6094 large 6
5502 5856 medium 2
5571 5751 small 8
5591 5713 xlarge 6
5612 5718 6xlarge 4
5619 5729 medium 3
5623 5842 tiny 3
5639 5695 xlarge 1
5728 5949 3xlarge 0
5749 6199 2xlarge 1
5820 6871 2xlarge 4
5820 5927 5xlarge 6
5830 5917 small 6
5851 5943 2xlarge 0
5869 5934 3xlarge 5
5873 5963 4xlarge 2
5914 6047 6xlarge 4
5932 6232 6xlarge 8
5936 6117 xlarge 1
6032 6179 5xlarge 5
6076 6822 medium 6
6078 6454 3xlarge 0
6087 6236 2xlarge 3
6155 6274 4xlarge 8
6161 6287 xlarge 1
6188 6358 6xlarge 4
6203 6761 large 6
6218 6344 tiny 8
6220 6281 tiny 2
6220 6322 6xlarge 7
6276 6412 6xlarge 3
6283 6405 2xlarge 5
6297 6413 5xlarge 7
6313 6424 small 6
6315 6406 6xlarge 1
6321 6396 2xlarge 7
6323 6413 2xlarge 0
6331 6525 4xlarge 2
6332 6400 medium 5
6341 6440 5xlarge 2
6343 6400 tiny 3
6350 6394 2xlarge 3
6351 6475 medium 2
6351 6476 6xlarge 8
6357 6635 2xlarge 1
6515 6803 medium 2
6529 6766 4xlarge 9
6534 6692 4xlarge 8
6546 6769 3xlarge 0
6565 6775 large 7
6584 6708 2xlarge 3
6588 6794 tiny 3
6637 7054 6xlarge 8
6653 6834 xlarge 1
6681 6759 5xlarge 5
6688 6786 3xlarge 2
6720 6753 6xlarge 4
6919 7012 4xlarge 2
6937 7249 medium 6
6951 7033 5xlarge 5
6958 7038 2xlarge 1
7114 7784 large 6
7120 7433 4xlarge 2
7133 7233 medium 3
7135 7297 small 8
7136 7251 4xlarge 8
7137 7238 xlarge 6
7176 7319 6xlarge 9
7189 7363 2xlarge 1
7194 7236 2xlarge 4
7253 7796 6xlarge 8
7285 7480 5xlarge 4
7309 7371 xlarge 1
7355 7472 tiny 4
7366 7495 2xlarge 8
7374 7514 2xlarge 2
7380 7512 5xlarge 5
7380 7478 6xlarge 6
7381 7515 2xlarge 0
7381 7478 3xlarge 1
7381 7500 3xlarge 2
7388 7484 large 0
7388 7529 3xlarge 3
7416 7752 2xlarge 4
7422 7634 3xlarge 0
7430 7483 small 3
7435 7511 small 6
7438 7531 xlarge 8
7477 7646 xlarge 6
7498 7601 small 8
7505 7623 2xlarge 1
7506 12211 medium 6
7513 7675 medium 3
7514 7625 4xlarge 2
7624 7974 4xlarge 8
7731 7915 6xlarge 2
7734 7885 medium 2
7748 8270 4xlarge 2
7750 7873 medium 4
7753 7865 tiny 3
7776 8236 2xlarge 1
7779 7912 medium 1
7781 7874 3xlarge 6
7782 7832 small 7
7790 7894 tiny 1
7799 7909 6xlarge 0
7850 8581 2xlarge 4
7867 8203 3xlarge 0
7876 7951 6xlarge 8
7877 8191 6xlarge 9
7892 8026 3xlarge 2
7896 7975 5xlarge 5
7908 8519 large 6
7975 8096 2xlarge 3
8013 8156 6xlarge 1
8074 8278 2xlarge 2
8110 8244 4xlarge 8
8115 8194 6xlarge 8
8120 8206 small 5
8138 8192 tiny 4
8138 8208 large 0
8138 8202 5xlarge 4
8142 8258 6xlarge 6
8148 8229 xlarge 1
8149 8250 5xlarge 5
8157 8247 3xlarge 3
8342 8501 4xlarge 8
8345 8619 3xlarge 0
8369 8443 6xlarge 9
8513 9673 2xlarge 1
8553 8840 6xlarge 9
8563 9189 4xlarge 2
8573 8729 large 0
8573 8856 large 3
8574 8973 large 6
8584 8802 4xlarge 5
8587 8873 small 5
8590 8753 5xlarge 4
8629 8813 4xlarge 1
8755 8944 2xlarge 4
8813 8942 medium 3
8828 8955 xlarge 6
8840 8983 xlarge 1
8858 9032 3xlarge 0
8869 8954 small 8
8878 8922 4xlarge 8
8956 9067 medium 2
9039 9237 6xlarge 8
9056 10298 large 6
9059 9153 large 8
9060 9237 2xlarge 4
9061 9187 3xlarge 5
9085 9201 5xlarge 6
9111 9151 5xlarge 1
9162 9277 4xlarge 1
9173 9316 small 6
9184 9286 2xlarge 0
9190 9276 4xlarge 5
9200 9561 3xlarge 0
9223 9334 6xlarge 9
9238 9309 large 3
9240 9328 small 5
9324 9453 4xlarge 2
9353 9715 2xlarge 4
9418 9532 2xlarge 3
9478 9571 6xlarge 1
9564 9694 4xlarge 2
9632 9779 2xlarge 3
9641 9794 medium 2
9642 9781 6xlarge 9
9645 9778 5xlarge 2
9650 9787 tiny 3
9654 9912 xlarge 1
9658 9752 6xlarge 1
9661 9837 medium 5
9665 9818 4xlarge 9
9673 9777 6xlarge 3
9676 9785 small 5
9698 9839 2xlarge 7
9699 9752 3xlarge 0
9703 9774 large 7
9705 9787 large 0
9709 9794 2xlarge 5
9715 9776 6xlarge 6
9720 9825 small 4
9720 9831 5xlarge 4
9799 11943 2xlarge 4
9801 9899 6xlarge 4
9817 9880 2xlarge 1
9911 10073 4xlarge 8
9912 10067 large 0
9919 10057 6xlarge 6
9934 9992 5xlarge 4
10035 10247 xlarge 1
10042 10505 4xlarge 2
10070 11213 2xlarge 1
10129 10319 5xlarge 5
10140 10236 6xlarge 7
10147 10280 6xlarge 8
10158 10289 tiny 8
10160 10278 medium 3
10162 10260 small 8
10166 10298 small 6
10170 10253 xlarge 6
10188 10311 2xlarge 0
10188 10318 6xlarge 4
10193 10283 tiny 2
10396 10484 2xlarge 0
10409 10545 small 6
10430 10541 large 6
10527 10593 3xlarge 0
10607 11222 large 6
10735 11097 4xlarge 2
10754 10901 small 6
10758 10879 2xlarge 0
10770 10909 3xlarge 0
10860 10970 6xlarge 8
10883 10971 5xlarge 4
11131 11220 medium 2
11193 11479 4xlarge 8
11194 11344 small 7
11204 11448 6xlarge 0
11205 11372 3xlarge 0
11210 11369 small 6
11213 11325 3xlarge 6
11224 11318 6xlarge 2
11230 11517 tiny 1
11230 11475 medium 1
11239 11314 2xlarge 0
11316 11463 5xlarge 5
11337 14248 large 6
11347 11499 xlarge 1
11355 11441 6xlarge 4
11357 11704 2xlarge 1
11372 11507 6xlarge 8
11398 11491 3xlarge 2
11571 11856 6xlarge 9
11572 11738 medium 2
11589 11856 2xlarge 0
11599 11712 4xlarge 2
11611 11808 small 6
11690 11927 3xlarge 0
11756 11841 xlarge 1
11824 11993 5xlarge 4
11832 11959 2xlarge 1
11863 11965 4xlarge 2
11914 12042 2xlarge 6
11917 12048 6xlarge 8
11954 12070 6xlarge 4
11956 12103 3xlarge 2
11966 12065 xlarge 1
11976 12062 5xlarge 5
11995 12085 4xlarge 8
12033 12177 6xlarge 1
12036 12300 4xlarge 2
12069 13548 2xlarge 1
12077 12170 2xlarge 3
12093 12193 3xlarge 0
12105 12175 2xlarge 4
12167 12397 xlarge 1
12170 12288 medium 2
12176 12306 tiny 3
12202 12330 6xlarge 4
12276 12416 6xlarge 6
12277 12451 3xlarge 0
12278 12469 2xlarge 7
12279 12455 5xlarge 2
12288 12410 medium 5
12290 12412 large 0
12294 12463 2xlarge 5
12296 12405 6xlarge 3
12297 12563 2xlarge 4
12302 12471 6xlarge 1
12303 12398 medium 6
12304 12478 5xlarge 4
12314 12400 2xlarge 3
12351 12399 3xlarge 3
12357 12812 6xlarge 8
12392 12531 3xlarge 2
12411 12528 5xlarge 5
12440 12631 tiny 3
12441 12836 4xlarge 2
12444 12700 medium 2
12546 12667 large 7
12552 12661 small 4
12552 12696 3xlarge 9
12554 12702 4xlarge 7
12562 12647 4xlarge 9
12573 12693 3xlarge 0
12648 12874 2xlarge 0
12658 12931 5xlarge 0
12673 13010 2xlarge 4
12695 12925 2xlarge 9
12704 12933 small 6
12757 12903 medium 2
12770 12885 tiny 3
12775 12889 4xlarge 0
12778 12923 tiny 1
12789 12941 medium 9
12794 13009 4xlarge 8
12804 12888 small 1
12837 13752 medium 6
12890 13005 small 8
12906 13251 4xlarge 2
12908 13067 xlarge 6
12952 13045 medium 3
13002 13317 3xlarge 0
13019 13151 2xlarge 3
13058 13184 6xlarge 1
13179 13313 small 6
13193 13232 2xlarge 0
13198 13991 2xlarge 4
13367 13734 3xlarge 0
13387 13496 small 6
13387 13489 2xlarge 0
13417 13534 4xlarge 8
13480 13742 2xlarge 3
13505 13597 xlarge 6
13519 13637 6xlarge 8
13528 13649 medium 3
13557 13789 6xlarge 1
13729 13880 small 6
13735 13884 6xlarge 9
13744 13857 2xlarge 0
13765 13967 6xlarge 8
13774 16299 2xlarge 1
13837 14020 medium 3
13866 13997 small 8
13874 14007 tiny 1
13880 13970 xlarge 6
13881 14143 4xlarge 2
13892 14081 4xlarge 8
13896 14090 medium 6
13953 14247 xlarge 1
13968 14276 3xlarge 0
14014 14251 6xlarge 4
14093 14331 5xlarge 5
14095 14558 6xlarge 8
14097 14389 2xlarge 4
14098 14371 3xlarge 2
14207 14336 xlarge 2
14209 14343 xlarge 5
14249 14361 2xlarge 6
14320 15179 medium 6
14347 14439 4xlarge 2
14364 14559 xlarge 1
14368 15584 large 6
14385 14510 4xlarge 8
14386 14500 5xlarge 4
14394 14431 large 0
14434 14585 6xlarge 4
14445 14700 6xlarge 1
14459 17127 2xlarge 4
14473 14835 2xlarge 3
14477 14820 3xlarge 0
14498 14610 6xlarge 9
14552 14688 medium 5
14571 14746 2xlarge 5
14580 14683 5xlarge 2
14582 14684 2xlarge 7
14624 14711 6xlarge 3
14636 14715 5xlarge 7
14680 14867 6xlarge 9
14798 14993 6xlarge 7
14815 14981 5xlarge 5
14817 14988 6xlarge 4
14824 14983 4xlarge 8
14834 14962 xlarge 1
14855 14923 tiny 2
14872 15293 6xlarge 8
14877 14976 tiny 8
14959 15076 2xlarge 3
14964 15113 tiny 3
14967 15062 6xlarge 9
14974 15092 4xlarge 9
14988 15109 3xlarge 0
14993 15068 medium 2
14996 15079 small 5
15043 15196 xlarge 1
15059 15231 5xlarge 5
15086 15216 3xlarge 2
15165 15347 large 0
15201 15279 5xlarge 4
15228 15298 6xlarge 6
15299 15411 xlarge 1
15328 15398 medium 6
15330 15520 2xlarge 3
15348 15543 3xlarge 0
15392 15581 6xlarge 8
15434 15586 6xlarge 1
15512 15698 3xlarge 3
15513 15695 5xlarge 4
15518 15702 large 0
15536 15654 medium 3
15550 15702 6xlarge 6
15556 15631 2xlarge 2
15568 15643 xlarge 6
15571 16484 medium 6
15583 15915 4xlarge 2
15589 15718 small 8
15632 15792 6xlarge 1
15645 15784 medium 2
15674 16147 4xlarge 8
15690 16245 3xlarge 0
15706 16185 2xlarge 3
15753 15931 3xlarge 5
15791 15903 5xlarge 6
15794 15932 5xlarge 4
15813 15919 xlarge 1
15826 15952 6xlarge 4
15830 16013 large 6
15838 15943 6xlarge 8
15878 16052 4xlarge 9
15878 16027 5xlarge 2
15886 16000 medium 5
15889 16015 6xlarge 3
15900 16071 medium 2
15900 16046 2xlarge 7
15938 16051 tiny 3
15941 16021 2xlarge 5
15953 16072 large 7
15954 16055 6xlarge 1
16060 16234 4xlarge 2
16124 16270 tiny 3
16146 18571 large 6
16159 16254 medium 2
16266 16436 2xlarge 0
16307 16513 4xlarge 8
16316 16399 small 6
16370 16491 6xlarge 1
16378 16559 6xlarge 3
16382 16516 2xlarge 7
16390 16518 2xlarge 5
16397 16523 medium 5
16400 16487 2xlarge 3
16408 16487 4xlarge 2
16412 16627 3xlarge 0
16413 16538 5xlarge 2
16431 19418 2xlarge 1
16487 16641 xlarge 1
16495 16610 6xlarge 8
16522 16624 medium 3
16526 16606 xlarge 6
16560 16598 6xlarge 4
16664 16793 5xlarge 4
16675 16970 medium 6
16726 16894 6xlarge 9
16727 16978 3xlarge 0
16759 16899 6xlarge 8
16760 16873 5xlarge 6
16795 16877 4xlarge 2
16800 16880 3xlarge 5
16908 17029 4xlarge 8
16956 17366 6xlarge 4
16967 17137 tiny 8
16978 17073 tiny 2
16984 17096 4xlarge 2
16999 17381 xlarge 1
17032 17137 6xlarge 7
17092 17913 medium 6
17102 17258 small 6
17111 17268 2xlarge 0
17113 17277 4xlarge 8
17207 17342 5xlarge 5
17219 17352 3xlarge 2
17224 18184 2xlarge 4
17230 17498 tiny 3
17241 17460 medium 2
17252 17466 4xlarge 9
17270 17439 large 7
17275 17456 small 4
17279 17396 4xlarge 2
17279 17313 6xlarge 8
17351 17483 3xlarge 0
17362 17509 3xlarge 9
17449 17594 6xlarge 4
17481 17615 tiny 2
17482 17557 6xlarge 8
17499 17678 xlarge 1
17672 18079 4xlarge 2
17683 17983 5xlarge 4
17707 17984 large 0
17714 17800 6xlarge 1
17722 17806 2xlarge 3
17756 17821 3xlarge 0
17792 18094 6xlarge 8
17797 17918 2xlarge 2
17863 17973 3xlarge 3
17867 17968 tiny 4
17871 17997 3xlarge 1
17871 17991 4xlarge 8
17877 17985 6xlarge 6
17931 18072 2xlarge 6
17934 18085 xlarge 2
17938 18056 3xlarge 2
17966 18098 small 9
17968 18050 xlarge 9
17971 18113 5xlarge 5
17992 18113 xlarge 5
18046 18531 6xlarge 4
18060 18228 2xlarge 0
18063 18220 small 6
18086 18578 xlarge 1
18175 18308 5xlarge 5
18176 18525 3xlarge 0
18182 18330 medium 6
18184 18274 3xlarge 2
18208 18278 6xlarge 8
18318 18402 6xlarge 1
18352 18528 2xlarge 3
18441 18558 6xlarge 7
18449 18560 tiny 2
18478 18536 6xlarge 9
18597 18917 medium 6
18641 18872 4xlarge 2
18653 18831 2xlarge 0
18657 18815 3xlarge 0
18663 18833 tiny 1
18668 18910 2xlarge 4
18683 18892 4xlarge 8
18684 18824 small 6
18707 18774 medium 1
18818 18915 tiny 3
18819 18889 medium 2
18924 20262 large 6
18996 19155 5xlarge 4
19001 19129 medium 5
19002 19115 large 0
19002 19144 2xlarge 5
19004 19150 tiny 9
19016 19182 medium 2
19019 19239 xlarge 1
19019 19171 5xlarge 2
19025 19719 2xlarge 4
19032 19122 xlarge 3
19049 19622 3xlarge 0
19055 19140 5xlarge 7
19067 19288 4xlarge 2
19068 19179 6xlarge 3
19071 19299 6xlarge 1
19075 19194 2xlarge 7
19078 19272 2xlarge 3
19172 19259 6xlarge 4
19174 19258 4xlarge 8
19193 20029 medium 6
19357 19523 6xlarge 1
19425 19559 2xlarge 3
19436 19534 xlarge 1
19438 19531 6xlarge 4
19540 20691 2xlarge 1
19627 19797 6xlarge 9
19628 19739 medium 3
19660 19764 small 8
19679 19768 xlarge 6
19723 20031 4xlarge 8
19733 19867 4xlarge 2
19748 19959 3xlarge 0
19877 20267 2xlarge 4
19881 19976 medium 2
19974 20217 4xlarge 2
19975 20139 3xlarge 5
20089 20241 small 8
20100 20219 medium 3
20127 20241 xlarge 6
20132 20797 medium 6
20143 20456 3xlarge 0
20149 20271 xlarge 1
20159 20564 4xlarge 8
20257 20313 6xlarge 1
20259 20322 2xlarge 3
20275 20339 6xlarge 8
20377 20481 4xlarge 2
20443 20700 2xlarge 0
20445 20717 small 6
20458 20602 2xlarge 9
20460 21793 2xlarge 4
20511 20682 large 6
20574 20722 5xlarge 5
20583 20701 3xlarge 2
20636 20671 6xlarge 8
20797 20976 3xlarge 0
20815 20970 6xlarge 8
20880 20957 2xlarge 3
20935 21042 4xlarge 2
20970 21166 medium 6
20974 21328 2xlarge 1
21081 21151 3xlarge 0
21177 21292 xlarge 1
21190 21306 3xlarge 2
21198 21351 5xlarge 5
21209 21706 large 6
21213 21342 6xlarge 8
21274 21394 6xlarge 1
21275 21524 small 6
21283 21475 xlarge 6
21290 21414 2xlarge 3
21308 21532 2xlarge 0
21312 21396 3xlarge 0
21327 21407 2xlarge 9
21360 21459 medium 3
21409 21515 6xlarge 8
21438 22770 2xlarge 1
21526 21635 medium 2
21526 21691 large 8
21578 21694 5xlarge 6
21580 21677 5xlarge 1
21582 21658 3xlarge 5
21583 21682 4xlarge 2
21633 21778 medium 3
21634 21756 xlarge 6
21662 21876 3xlarge 0
21665 21837 small 8
21786 22793 large 6
21807 21879 6xlarge 9
21818 21932 2xlarge 3
21823 21942 6xlarge 1
21830 22123 medium 6
21836 22488 4xlarge 2
21875 22032 xlarge 1
21960 22010 6xlarge 8
22010 22193 4xlarge 8
22023 22147 5xlarge 4
22024 22193 tiny 4
22024 22175 2xlarge 2
22050 22149 6xlarge 6
22054 22195 3xlarge 0
22058 22169 3xlarge 3
22078 22197 large 0
22117 22286 tiny 8
22118 22303 xlarge 1
22121 22278 6xlarge 4
22124 22398 4xlarge 9
22124 22310 6xlarge 8
22130 22253 2xlarge 4
22142 22364 4xlarge 7
22146 22267 tiny 2
22163 22428 tiny 3
22173 22274 small 8
22174 22353 medium 2
22175 22426 small 4
22175 22237 xlarge 6
22175 22401 3xlarge 9
22176 22373 large 7
22177 22286 6xlarge 7
22178 22238 medium 3
22235 22408 small 6
22244 22593 medium 6
22264 22423 2xlarge 3
22270 22601 3xlarge 0
22277 22353 2xlarge 0
22277 22390 4xlarge 8
22360 22516 large 0
22402 22543 6xlarge 6
22405 22479 5xlarge 4
22429 22511 3xlarge 3
22485 22632 2xlarge 3
22501 22671 6xlarge 1
22719 23033 3xlarge 2
22722 22896 large 0
22722 22841 3xlarge 0
22723 22892 tiny 4
22727 22864 2xlarge 3
22731 23150 6xlarge 8
22732 22838 2xlarge 2
22759 22831 3xlarge 3
22760 22901 5xlarge 4
22764 22845 6xlarge 6
22784 23026 5xlarge 5
22785 23234 medium 6
22788 23575 2xlarge 4
22800 22861 3xlarge 1
22836 23034 3xlarge 4
22842 22995 medium 3
22858 22962 medium 2
22860 23397 large 6
22869 22959 tiny 8
22872 23475 2xlarge 1
22882 22996 small 8
22891 23116 4xlarge 2
22895 23035 tiny 3
22901 23012 6xlarge 7
22907 23010 xlarge 1
22914 23016 tiny 2
22919 22964 xlarge 6
22920 23015 6xlarge 4
22977 23217 3xlarge 0
23015 23115 tiny 1
23031 23093 4xlarge 8
23091 23206 6xlarge 6
23117 23354 6xlarge 4
23127 23231 3xlarge 3
23131 23318 xlarge 1
23141 23238 5xlarge 4
23147 23254 large 0
23232 23470 4xlarge 2
23432 23981 xlarge 1
23436 24181 large 6
23442 23839 medium 6
23443 23741 tiny 2
23446 23588 tiny 8
23463 23563 4xlarge 4
23485 23737 6xlarge 4
23487 23608 medium 8
23489 23714 6xlarge 7
23494 23564 3xlarge 4
23505 23560 tiny 6
23590 23953 3xlarge 0
23591 24168 6xlarge 8
23601 23799 4xlarge 2
23615 23832 2xlarge 3
23637 24059 2xlarge 1
23672 23792 2xlarge 9
23678 23835 5xlarge 7
23685 23792 2xlarge 0
23704 23816 medium 2
23704 23839 5xlarge 5
23712 23798 6xlarge 1
23712 23867 6xlarge 3
23721 23834 medium 5
23723 23853 2xlarge 7
23728 23852 xlarge 3
23730 23795 2xlarge 5
23739 23869 tiny 9
23746 23837 5xlarge 2
23753 23852 small 6
23753 23820 4xlarge 8
23759 24580 2xlarge 4
23945 24097 4xlarge 8
23946 24074 4xlarge 2
23975 25884 medium 6
24046 24202 4xlarge 9
24048 24225 small 4
24076 24187 large 7
24078 24197 tiny 3
24089 24202 medium 2
24173 24283 small 6
24184 24556 4xlarge 2
24187 24638 2xlarge 1
24208 24665 3xlarge 0
24217 24308 6xlarge 1
24231 24304 2xlarge 3
24234 24309 2xlarge 0
24441 24690 large 6
24479 24675 4xlarge 8
24652 25637 2xlarge 4
24695 24814 6xlarge 8
24760 25161 large 6
24791 25188 2xlarge 1
24795 25012 medium 2
24798 24997 tiny 3
24821 25142 4xlarge 2
24825 24952 3xlarge 0
24924 25019 xlarge 1
25006 25133 6xlarge 8
25010 25119 5xlarge 6
25014 25135 large 8
25019 25129 4xlarge 8
25024 25130 small 0
25033 25155 3xlarge 5
25039 25131 small 2
25064 25134 5xlarge 1
25114 25301 medium 9
25121 25279 medium 2
25133 25270 small 6
25140 25272 2xlarge 0
25150 25291 4xlarge 0
25168 25236 5xlarge 0
25170 25294 2xlarge 9
25242 25624 large 6
25285 25982 2xlarge 1
25372 25471 large 0
25372 25998 4xlarge 2
25379 25548 3xlarge 0
25385 25513 6xlarge 6
25391 25514 5xlarge 4
25400 25540 3xlarge 3
25474 25618 medium 9
25479 25617 5xlarge 8
25492 25671 6xlarge 8
25502 25600 small 1
25514 25635 2xlarge 0
25524 25642 2xlarge 9
25528 25645 5xlarge 0
25543 25672 small 6
25553 25644 4xlarge 0
25553 25845 4xlarge 8
25595 25791 2xlarge 8
25600 25761 tiny 4
25611 25744 medium 0
25615 25745 3xlarge 1
25618 25733 small 3
25625 25723 tiny 3
25636 25772 3xlarge 3
25641 25713 5xlarge 4
25646 25713 medium 2
25647 25797 large 0
25658 25743 xlarge 8
25658 25787 6xlarge 6
25663 25788 2xlarge 2
25714 25856 xlarge 1
25727 25909 4xlarge 4
25741 26191 large 6
25753 25870 3xlarge 5
25753 25916 6xlarge 7
25754 25860 tiny 2
25759 25884 medium 8
25760 25902 5xlarge 6
25762 25896 2xlarge 3
25767 25872 tiny 6
25769 26275 3xlarge 0
25773 25913 6xlarge 4
25776 25909 6xlarge 1
25792 28116 2xlarge 4
25797 25861 tiny 8
25798 25864 3xlarge 4
25896 26018 medium 2
26007 26276 xlarge 1
26020 26983 medium 6
26103 26221 2xlarge 1
26109 26203 6xlarge 4
26140 26259 6xlarge 7
26146 26229 tiny 2
26195 26382 6xlarge 8
26205 26382 medium 2
26227 26343 small 6
26242 26364 tiny 3
26277 26369 2xlarge 0
26326 26694 large 6
26339 26509 6xlarge 7
26353 26998 2xlarge 1
26366 26445 xlarge 1
26366 26448 6xlarge 4
26374 26445 tiny 2
26392 26821 4xlarge 2
26432 26595 3xlarge 3
26443 26759 5xlarge 5
26450 26606 large 0
26450 26689 3xlarge 2
26454 26605 6xlarge 6
26458 26574 xlarge 6
26496 26611 5xlarge 4
26498 26583 medium 3
26513 26575 small 8
26518 26982 6xlarge 8
26552 26710 medium 1
26559 26699 6xlarge 2
26565 26757 tiny 1
26571 26983 3xlarge 0
26583 26745 small 7
26597 26808 6xlarge 1
26599 26744 3xlarge 6
26599 26750 6xlarge 0
26613 26717 4xlarge 8
26638 26868 2xlarge 3
26802 27169 large 6
26811 26939 5xlarge 5
26830 26978 2xlarge 2
26838 26962 3xlarge 1
26848 26914 large 0
26850 26987 2xlarge 8
26850 26939 6xlarge 6
26866 26921 tiny 4
26871 26916 3xlarge 3
26876 26985 3xlarge 2
26877 26918 5xlarge 4
26920 27074 6xlarge 7
26945 27111 small 6
26949 27092 medium 2
26959 27088 6xlarge 4
26960 27109 2xlarge 0
26978 27042 xlarge 1
26990 27114 tiny 2
27056 27183 6xlarge 8
27063 27336 2xlarge 1
27114 27165 medium 6
27155 27346 large 0
27176 27299 3xlarge 1
27192 27289 6xlarge 6
27197 27340 xlarge 8
27210 27353 3xlarge 3
27211 27319 5xlarge 4
27222 27347 2xlarge 8
27234 27349 tiny 4
27240 27323 2xlarge 2
27298 27460 small 6
27330 27781 medium 6
27332 27475 2xlarge 0
27350 27477 6xlarge 8
27353 28036 large 6
27402 27942 2xlarge 1
27413 27543 xlarge 1
27441 27675 4xlarge 2
27463 27580 3xlarge 0
27465 27522 6xlarge 4
27469 27597 5xlarge 4
27515 27683 4xlarge 9
27556 27662 6xlarge 9
27558 27678 tiny 3
27572 27705 6xlarge 8
27585 27681 small 5
27585 27718 medium 2
27598 27636 large 7
27636 27832 4xlarge 8
27641 28046 3xlarge 0
27759 27918 2xlarge 6
27776 27953 small 9
27784 27874 3xlarge 2
27786 27889 xlarge 2
27809 27920 xlarge 1
27816 28053 6xlarge 8
27817 27992 5xlarge 5
27825 27889 xlarge 9
27827 27921 xlarge 5
27898 28060 large 7
27899 28076 4xlarge 9
27900 28262 medium 6
27940 28062 tiny 3
27941 28043 medium 2
28114 29479 large 6
28114 28497 2xlarge 1
28126 28294 small 5
28131 28261 xlarge 1
28156 28293 4xlarge 8
28186 28231 6xlarge 9
28199 28542 4xlarge 2
28316 28423 medium 2
28369 28493 small 6
28376 28868 3xlarge 0
28380 28498 medium 6
28423 28488 2xlarge 4
28426 28541 2xlarge 0
28473 28666 xlarge 1
28515 28637 6xlarge 1
28522 28642 6xlarge 4
28531 28616 2xlarge 3
28599 28746 6xlarge 6
28626 28890 medium 6
28631 28752 5xlarge 5
28633 28752 3xlarge 3
28636 28726 6xlarge 8
28642 28785 4xlarge 8
28649 28768 5xlarge 4
28650 28733 large 0
28650 28974 2xlarge 4
28668 28753 2xlarge 6
28674 28782 3xlarge 2
28717 28843 5xlarge 6
28739 28861 5xlarge 1
28748 28874 large 8
28750 29736 2xlarge 1
28771 28846 6xlarge 1
28783 28860 2xlarge 3
28790 28899 3xlarge 5
28793 28919 4xlarge 2
28832 29038 2xlarge 0
28839 28964 small 6
28961 29587 4xlarge 2
28966 29129 5xlarge 6
29039 29221 medium 6
29039 29071 3xlarge 5
29087 29345 2xlarge 4
29127 29255 3xlarge 0
29156 29193 4xlarge 8
29192 29316 xlarge 1
29199 29359 5xlarge 1
29211 29366 6xlarge 4
29216 29394 5xlarge 6
29236 29367 3xlarge 5
29241 29378 large 8
29328 29488 medium 6
29355 29495 3xlarge 0
29374 29509 5xlarge 4
29474 29831 2xlarge 4
29560 29723 large 0
29564 29716 medium 2
29581 29695 5xlarge 4
29599 29698 small 4
29616 29750 4xlarge 9
29617 29671 large 7
29619 31246 large 6
29635 29699 tiny 3
29639 31166 medium 6
29742 29875 3xlarge 0
29747 29795 xlarge 1
29797 30180 2xlarge 1
29804 30105 4xlarge 8
29831 29983 small 4
29837 29951 2xlarge 0
29840 29949 small 6
29841 29975 4xlarge 9
29842 30162 4xlarge 2
29864 29990 tiny 3
29865 29975 large 7
29865 29954 3xlarge 9
29868 30058 medium 2
29871 29951 4xlarge 7
29930 30046 6xlarge 4
29936 30318 2xlarge 4
29958 30113 xlarge 1
29972 30094 tiny 1
30043 30210 5xlarge 5
30077 30191 6xlarge 8
30089 30209 3xlarge 2
30234 30282 4xlarge 8
30282 30401 6xlarge 4
30293 31665 2xlarge 1
30320 30642 4xlarge 2
30326 30522 xlarge 1
30330 30471 small 6
30348 30465 2xlarge 0
30457 30830 4xlarge 8
30467 30786 2xlarge 4
30692 30958 3xlarge 0
30761 30914 6xlarge 9
30772 30894 6xlarge 8
30773 30950 3xlarge 2
30789 30882 5xlarge 5
30799 30934 4xlarge 1
30810 30929 small 5
30953 31254 2xlarge 4
30999 31307 2xlarge 0
31011 31253 small 6
31023 31136 xlarge 1
31028 31182 6xlarge 4
31133 31300 2xlarge 3
31149 31242 6xlarge 8
31175 31372 4xlarge 2
31184 31301 3xlarge 0
31296 31407 medium 6
31353 31492 large 0
31366 31506 6xlarge 8
31372 31960 large 6
31394 31482 small 6
31418 31489 2xlarge 0
31418 31527 2xlarge 9
31423 31512 5xlarge 4
31486 31614 tiny 1
31525 31715 2xlarge 4
31535 31594 6xlarge 0
31543 31743 medium 6
31544 31628 small 7
31544 31613 4xlarge 8
31552 31613 medium 1
31600 31840 3xlarge 0
31620 31739 medium 2
31663 31717 2xlarge 3
31741 31843 4xlarge 2
31762 32875 2xlarge 1
31840 32005 5xlarge 4
31851 31983 xlarge 1
31872 32026 large 0
31876 32006 6xlarge 6
31898 32029 3xlarge 3
31954 32223 6xlarge 8
31962 32508 2xlarge 4
31966 32130 2xlarge 6
31970 32071 small 8
31972 32159 3xlarge 2
31977 32089 medium 3
31981 32232 4xlarge 8
31999 35252 medium 6
32009 32090 xlarge 2
32031 32131 5xlarge 5
32040 32081 xlarge 6
32076 32365 large 0
32079 32241 xlarge 1
32082 32232 3xlarge 3
32089 32203 6xlarge 4
32103 32253 tiny 8
32122 32259 tiny 2
32133 32248 6xlarge 7
32136 32989 large 6
32147 32216 3xlarge 0
32152 32217 6xlarge 6
32157 32328 5xlarge 4
32197 32358 medium 3
32200 32365 medium 2
32223 32338 large 7
32235 32346 tiny 3
32236 32327 small 8
32249 32325 xlarge 6
32265 32314 4xlarge 9
32342 32474 3xlarge 0
32437 32572 tiny 2
32470 32868 xlarge 1
32474 32676 6xlarge 4
32589 32686 3xlarge 0
32619 32860 4xlarge 2
32632 32710 2xlarge 4
32695 33031 4xlarge 8
32703 33075 6xlarge 8
32823 33108 2xlarge 4
32923 33078 3xlarge 2
32932 33999 2xlarge 1
32933 33061 6xlarge 0
32953 33061 medium 1
32955 33107 tiny 1
32964 33178 4xlarge 2
32992 33042 6xlarge 9
32993 33116 5xlarge 5
33053 33282 large 6
33072 33192 medium 2
33083 33239 tiny 3
33169 33352 2xlarge 0
33199 33295 small 6
33201 33327 4xlarge 8
33206 33343 xlarge 1
33211 33291 6xlarge 4
33214 34130 2xlarge 4
33278 33797 6xlarge 8
33302 33399 5xlarge 5
33323 33398 2xlarge 6
33332 33457 3xlarge 2
33392 33525 3xlarge 5
33394 33562 5xlarge 6
33403 33596 large 8
33406 33914 3xlarge 0
33448 34055 4xlarge 2
33456 33545 large 6
33474 33523 5xlarge 1
33514 33817 3xlarge 2
33514 33659 5xlarge 4
33536 33699 3xlarge 3
33540 33685 medium 3
33540 33752 5xlarge 5
33567 33658 xlarge 6
33570 33640 medium 2
33570 33677 6xlarge 6
33571 33713 large 0
33586 33673 tiny 3
33593 33676 small 8
33637 33822 large 6
33679 33921 2xlarge 3
33720 33927 6xlarge 1
33890 34054 2xlarge 0
33896 34042 small 6
33904 34000 large 6
33917 34258 6xlarge 8
33938 34038 4xlarge 8
33941 34043 5xlarge 5
33942 34074 6xlarge 4
33945 34011 xlarge 1
33958 33998 3xlarge 2
33992 34162 large 1
33995 34161 3xlarge 0
34006 34131 6xlarge 1
34016 34114 tiny 9
34018 34173 xlarge 0
34018 34136 5xlarge 2
34051 34183 xlarge 3
34057 34166 2xlarge 7
34062 34114 2xlarge 5
34063 34186 medium 5
34067 34148 6xlarge 3
34067 34146 6xlarge 5
34073 34179 5xlarge 7
34077 34157 2xlarge 3
34124 34236 4xlarge 8
34125 34531 large 6
34145 34772 2xlarge 1
34161 34351 4xlarge 2
34245 34772 2xlarge 4
34296 34364 6xlarge 4
34318 34380 xlarge 1
34360 34726 2xlarge 3
34391 34952 3xlarge 0
34395 34630 6xlarge 1
34434 34675 small 6
34435 34623 2xlarge 0
34473 34641 large 1
34488 34666 5xlarge 2
34498 34678 tiny 9
34499 34659 6xlarge 3
34538 34662 4xlarge 8
34541 34620 2xlarge 5
34544 34602 2xlarge 7
34545 34596 medium 5
34546 34655 5xlarge 7
34550 34632 xlarge 0
34559 34651 xlarge 3
34560 34599 4xlarge 2
34639 35213 large 6
34729 34833 tiny 3
34782 34843 medium 2
34847 35074 xlarge 6
34898 35083 2xlarge 4
34905 35091 medium 3
34914 35157 small 8
34982 35078 2xlarge 1
35039 35088 4xlarge 8
35081 35277 xlarge 1
35102 35271 medium 2
35106 35399 3xlarge 0
35133 35228 6xlarge 4
35142 35243 2xlarge 3
35207 35360 6xlarge 8
35260 35475 2xlarge 1
35332 35514 tiny 3
35333 35969 large 6
35343 35450 4xlarge 2
35351 35494 medium 2
35397 35729 2xlarge 4
35433 35565 small 6
35439 35747 6xlarge 4
35467 35561 medium 6
35471 35554 5xlarge 5
35472 35738 xlarge 1
35475 35606 2xlarge 0
35502 35580 3xlarge 2
35509 35564 6xlarge 8
35555 35676 4xlarge 7
35562 35754 small 0
35567 36769 2xlarge 1
35572 35699 5xlarge 1
35575 35691 small 2
35586 35672 4xlarge 2
35588 35706 3xlarge 5
35599 35721 tiny 3
35599 35759 large 8
35600 35712 small 4
35613 35686 medium 2
35623 35730 3xlarge 9
35625 35685 large 7
35634 35672 4xlarge 9
35635 35731 5xlarge 6
35800 36054 small 6
35818 35939 5xlarge 4
35823 35990 6xlarge 8
35824 35919 6xlarge 6
35829 35946 large 0
35863 36081 2xlarge 0
35875 38215 medium 6
35919 36221 4xlarge 8
35930 36219 2xlarge 4
36037 36238 5xlarge 6
36052 36346 medium 2
36065 36180 3xlarge 5
36082 36475 4xlarge 2
36162 36305 6xlarge 1
36198 36412 6xlarge 8
36201 36293 3xlarge 0
36207 36285 2xlarge 3
36291 36409 medium 3
36304 36448 small 6
36306 36462 small 8
36325 36445 2xlarge 4
36347 36394 2xlarge 0
36353 36455 5xlarge 5
36354 36440 xlarge 6
36395 36585 tiny 2
36400 36593 tiny 8
36417 36548 xlarge 1
36425 36540 large 6
36440 36581 3xlarge 4
36440 36511 6xlarge 7
36442 36573 6xlarge 4
36461 36550 medium 8
36522 36638 5xlarge 4
36536 36778 4xlarge 2
36570 36676 large 0
36668 37257 large 6
36668 36940 2xlarge 3
36680 36757 small 5
36687 36945 3xlarge 0
36702 36940 2xlarge 4
36703 36792 6xlarge 9
36763 36878 large 7
36771 36886 6xlarge 1
36776 36925 4xlarge 9
36802 37012 tiny 3
36817 37049 medium 2
36829 36956 6xlarge 8
36830 36884 3xlarge 2
36835 36936 5xlarge 5
36905 38020 2xlarge 1
36997 37307 6xlarge 4
37001 37258 xlarge 1
37002 37283 4xlarge 8
37037 37194 4xlarge 2
37059 37352 2xlarge 4
37150 37237 3xlarge 2
37163 37236 5xlarge 5
37186 37284 6xlarge 8
37237 37384 4xlarge 2
37238 37644 5xlarge 2
37248 37374 small 5
37250 37663 2xlarge 7
37250 37528 5xlarge 7
37258 37761 medium 2
37259 37496 3xlarge 3
37260 37500 6xlarge 6
37261 37430 tiny 4
37265 37620 2xlarge 3
37270 37503 xlarge 3
37270 37653 6xlarge 3
37274 37359 large 1
37277 37359 tiny 3
37279 37438 2xlarge 2
37281 37679 medium 5
37285 37433 6xlarge 9
37286 37521 5xlarge 4
37291 37591 3xlarge 0
37297 37675 6xlarge 1
37301 37513 tiny 9
37304 37538 2xlarge 5
37313 37518 large 0
37358 37543 2xlarge 0
37404 38118 large 6
37434 37539 small 6
37476 37739 small 4
37503 37985 4xlarge 2
37518 37781 tiny 3
37533 37753 4xlarge 9
37557 37726 large 7
37601 37768 6xlarge 4
37613 38740 2xlarge 4
37616 37720 xlarge 1
37616 37751 5xlarge 5
37618 37757 3xlarge 2
37630 37712 2xlarge 6
37635 37772 4xlarge 8
37651 37741 6xlarge 8
37757 37855 3xlarge 5
37758 37884 5xlarge 6
37762 37912 3xlarge 0
37833 37953 6xlarge 2
37835 37980 6xlarge 0
37854 37996 large 0
37861 37989 tiny 1
37861 38033 5xlarge 4
37870 38088 4xlarge 8
37884 38007 3xlarge 6
37893 38016 6xlarge 6
37894 38035 small 7
37914 37957 medium 1
37952 38116 3xlarge 2
37984 38081 xlarge 1
37985 38102 2xlarge 6
37994 38201 3xlarge 0
37999 38154 6xlarge 8
38017 38130 6xlarge 4
38024 38093 5xlarge 5
38028 38113 xlarge 6
38220 38953 2xlarge 1
38232 38344 2xlarge 0
38237 38334 large 6
38237 38488 4xlarge 2
38239 38360 5xlarge 5
38240 38379 6xlarge 8
38260 38338 small 6
38347 38437 medium 2
38371 38467 medium 6
38375 38460 4xlarge 8
38394 38511 tiny 3
38435 38817 large 6
38563 38808 5xlarge 6
38572 38876 6xlarge 4
38574 38802 3xlarge 5
38597 38930 4xlarge 2
38606 38925 3xlarge 0
38633 38848 xlarge 1
38690 38846 5xlarge 1
38710 38797 small 6
38712 38869 2xlarge 0
38741 38855 large 8
38794 39066 4xlarge 8
38809 39095 6xlarge 8
38816 38998 5xlarge 5
38834 38973 3xlarge 2
38841 39106 2xlarge 4
38870 39070 medium 6
38916 39198 xlarge 1
38916 39190 6xlarge 4
38984 39440 large 6
39043 39199 2xlarge 1
39051 39215 6xlarge 7
39064 39214 tiny 2
39113 39302 medium 2
39239 39681 medium 6
39283 39415 tiny 1
39313 39532 2xlarge 1
39313 39699 4xlarge 8
39347 39409 medium 1
39351 39444 4xlarge 2
39355 39673 2xlarge 4
39392 39553 large 0
39400 39669 3xlarge 0
39422 39582 5xlarge 4
39424 39587 tiny 4
39425 39561 2xlarge 2
39438 39511 6xlarge 6
39439 39521 3xlarge 3
39521 39684 3xlarge 2
39540 39691 2xlarge 6
39550 39637 tiny 2
39553 39941 large 6
39559 39644 xlarge 1
39569 39641 6xlarge 8
39581 39667 5xlarge 5
39589 39719 6xlarge 7
39590 39645 6xlarge 4
39594 39639 xlarge 2
39652 39764 2xlarge 9
39657 40163 2xlarge 1
39660 39777 2xlarge 0
39664 39787 4xlarge 2
39706 39806 small 6
39756 39874 4xlarge 8
39783 39928 medium 6
39809 39996 medium 2
39815 40675 3xlarge 0
39829 40278 2xlarge 4
39883 40029 6xlarge 8
39886 40119 2xlarge 3
39916 40061 3xlarge 2
39929 40075 5xlarge 5
39944 40064 6xlarge 9
39955 40012 tiny 3
39957 40156 6xlarge 1
40051 40315 large 6
40073 41011 medium 6
40134 40272 tiny 3
40188 40275 medium 2
40234 40385 4xlarge 8
40266 40533 4xlarge 2
40298 40419 6xlarge 1
40303 40477 2xlarge 1
40303 40423 2xlarge 3
40359 40495 large 3
40364 40556 small 5
40389 40544 6xlarge 9
40394 40514 6xlarge 8
40398 40559 2xlarge 4
40405 40553 medium 7
40412 41272 large 6
40415 40554 4xlarge 5
40434 40524 4xlarge 1
40617 40737 5xlarge 5
40620 40835 6xlarge 4
40627 40723 3xlarge 2
40634 40832 4xlarge 2
40637 40737 4xlarge 8
40638 40767 large 0
40641 40787 6xlarge 6
40642 40876 xlarge 1
40646 40738 5xlarge 4
40671 40852 2xlarge 1
40674 40738 6xlarge 8
40748 41327 2xlarge 4
40832 40957 medium 1
40835 40979 large 7
40838 41153 small 6
40843 40967 medium 2
40843 40988 5xlarge 2
40844 40956 4xlarge 8
40851 40987 medium 5
40852 40962 2xlarge 3
40853 40980 6xlarge 0
40858 40978 3xlarge 0
40860 40958 6xlarge 1
40865 41009 tiny 1
40881 41009 6xlarge 3
40892 41100 2xlarge 0
40899 40990 6xlarge 8
40901 40953 tiny 3
40901 40957 4xlarge 9
40915 40983 2xlarge 7
40967 41086 6xlarge 9
41001 41254 2xlarge 1
41016 41147 small 5
41088 41194 4xlarge 2
41096 41249 xlarge 1
41127 41634 6xlarge 8
41136 41237 6xlarge 4
41139 41212 medium 6
41160 41247 3xlarge 0
41319 41925 large 6
41334 41455 6xlarge 9
41356 41515 4xlarge 1
41363 41862 2xlarge 1
41368 41449 5xlarge 5
41376 41444 small 5
41378 41446 large 3
41399 41563 medium 6
41399 41503 4xlarge 5
41438 41712 xlarge 1
41448 41756 6xlarge 4
41501 41567 4xlarge 2
41554 41712 tiny 3
41555 41749 6xlarge 9
41570 41746 large 7
41573 41702 4xlarge 9
41582 41754 4xlarge 7
41586 41673 3xlarge 9
41590 41738 2xlarge 4
41601 41686 3xlarge 0
41602 41754 small 4
41602 41710 small 5
41602 41753 4xlarge 1
41619 41729 large 3
41623 41723 4xlarge 5
41625 41691 medium 2
41673 41856 5xlarge 5
41712 41848 3xlarge 2
41738 41933 6xlarge 8
41792 41972 4xlarge 9
41800 41963 tiny 3
41819 41928 2xlarge 3
41829 69838 3xlarge 8
41841 41913 medium 2
41843 41964 large 7
41850 41975 medium 6
41851 41980 6xlarge 1
41864 41974 3xlarge 0
41917 42230 2xlarge 4
41953 42116 small 8
41960 42230 2xlarge 1
41981 42075 xlarge 6
41990 42110 4xlarge 2
41991 42034 medium 3
42037 43124 large 6
42040 42280 6xlarge 8
42053 43644 medium 6
42056 42212 xlarge 1
42059 42235 6xlarge 7
42072 42216 large 0
42084 42227 6xlarge 4
42086 42193 tiny 2
42089 42153 5xlarge 4
42090 42205 3xlarge 0
42093 42230 4xlarge 8
42114 42197 6xlarge 6
42155 42332 3xlarge 2
42157 42279 5xlarge 5
42162 42301 tiny 3
42174 42315 large 7
42191 42289 medium 2
42223 42278 4xlarge 9
42286 42535 4xlarge 2
42317 43038 2xlarge 1
42359 42649 2xlarge 4
42405 42544 6xlarge 8
42409 42523 6xlarge 4
42416 42520 xlarge 1
42426 42553 4xlarge 9
42429 42570 3xlarge 9
42432 42588 small 4
42438 42523 large 7
42458 42573 tiny 3
42471 42532 medium 2
42641 42752 6xlarge 8
42653 42798 4xlarge 9
42661 42803 tiny 3
42663 42839 medium 2
42663 42839 large 7
42680 42781 3xlarge 5
42686 42775 5xlarge 4
42712 43055 4xlarge 2
42752 42958 2xlarge 3
42755 42947 3xlarge 0
42781 43056 2xlarge 4
42785 42905 xlarge 6
42831 42909 small 8
42840 42953 medium 3
42879 43075 6xlarge 8
43023 43282 4xlarge 8
43026 43366 3xlarge 0
43041 43171 6xlarge 4
43051 43111 xlarge 1
43112 43253 5xlarge 4
43115 43258 6xlarge 6
43121 43737 2xlarge 4
43134 43306 large 0
43145 43276 6xlarge 8
43150 43295 2xlarge 8
43157 43306 5xlarge 5
43168 43254 tiny 4
43169 43246 3xlarge 2
43178 44128 2xlarge 1
43178 43233 3xlarge 3
43190 43236 2xlarge 2
43196 43277 3xlarge 1
43198 43794 4xlarge 2
43317 43989 large 6
43355 43671 6xlarge 8
43369 43540 xlarge 1
43413 43533 5xlarge 5
43438 43477 3xlarge 2
43535 43600 4xlarge 8
43603 43736 small 8
43619 43739 medium 3
43652 43721 xlarge 6
43724 43871 4xlarge 8
43737 43848 2xlarge 0
43745 43971 medium 6
43746 43916 6xlarge 9
43751 43861 6xlarge 8
43759 43864 small 6
43769 43885 5xlarge 5
43788 44155 3xlarge 0
43799 44009 xlarge 1
43835 43969 2xlarge 7
43841 43965 tiny 2
43844 44316 2xlarge 4
43845 44000 medium 2
43846 43955 5xlarge 2
43848 43967 xlarge 0
43853 44023 2xlarge 3
43858 43973 6xlarge 4
43859 43986 2xlarge 5
43862 43981 medium 5
43867 44011 6xlarge 3
43869 44012 large 1
43875 44026 tiny 9
43882 43993 tiny 8
43889 44025 xlarge 3
43899 43996 5xlarge 7
43904 43985 6xlarge 7
43913 43992 5xlarge 4
43913 43965 6xlarge 1
43990 44226 6xlarge 8
44022 44114 4xlarge 2
44091 44230 small 9
44091 44201 3xlarge 7
44092 44200 medium 6
44095 44388 large 6
44099 44211 4xlarge 8
44108 44232 medium 1
44110 44249 tiny 1
44110 44221 5xlarge 5
44118 44207 2xlarge 6
44124 44225 xlarge 5
44132 44245 large 9
44132 44258 3xlarge 2
44153 44200 xlarge 9
44155 44236 xlarge 2
44212 45466 2xlarge 1
44248 44964 4xlarge 2
44350 44571 3xlarge 0
44367 44740 medium 6
44438 44558 6xlarge 8
44454 44709 4xlarge 8
44505 44737 2xlarge 4
44629 44719 large 6
44672 44861 6xlarge 6
44681 44827 tiny 4
44707 44808 2xlarge 2
44718 44809 6xlarge 8
44719 44817 large 0
44719 44920 3xlarge 0
44741 44823 3xlarge 3
44751 44813 5xlarge 4
44834 45285 medium 6
44852 46143 2xlarge 4
44854 44986 medium 2
44869 45161 large 6
44875 44958 tiny 3
44914 45089 2xlarge 2
44925 45072 tiny 4
44933 45037 3xlarge 3
44963 45097 4xlarge 8
44974 45115 large 0
44978 45093 5xlarge 4
44994 45032 6xlarge 6
45037 45194 2xlarge 3
45040 45218 5xlarge 5
45053 45400 3xlarge 0
45055 45218 6xlarge 8
45105 45208 3xlarge 2
45108 45358 4xlarge 2
45166 45322 6xlarge 6
45178 45342 large 0
45194 45324 5xlarge 4
45229 45339 4xlarge 8
45290 45533 large 6
45298 45513 xlarge 1
45303 45468 2xlarge 3
45357 45448 6xlarge 1
45434 47509 medium 6
45467 45545 6xlarge 4
45539 45672 medium 3
45582 45636 xlarge 6
45597 45631 small 8
45640 45787 4xlarge 0
45642 45888 small 6
45653 45753 2xlarge 9
45675 45812 medium 2
45679 45951 2xlarge 0
45686 45766 tiny 3
45693 45784 5xlarge 8
45697 45959 2xlarge 1
45702 45831 medium 9
45706 45784 small 1
45715 45781 4xlarge 8
45715 45832 5xlarge 0
45759 46026 xlarge 1
45769 46046 large 6
45829 46006 6xlarge 4
45995 46239 small 6
46000 46197 4xlarge 8
46022 46432 2xlarge 1
46031 46131 medium 2
46045 46143 6xlarge 9
46058 46122 4xlarge 2
46061 46264 2xlarge 0
46072 46129 small 5
46113 46415 3xlarge 0
46148 46384 5xlarge 5
46152 46435 6xlarge 8
46161 46541 large 6
46186 46405 3xlarge 2
46236 46392 6xlarge 1
46238 46368 5xlarge 4
46241 46409 tiny 9
46258 46379 large 0
46261 46360 xlarge 1
46262 46417 medium 2
46262 46379 xlarge 3
46262 46406 6xlarge 6
46265 46428 3xlarge 3
46267 46414 medium 5
46276 46394 6xlarge 3
46282 46429 2xlarge 3
46285 46399 2xlarge 7
46288 46352 4xlarge 2
46289 46428 2xlarge 5
46292 46437 large 1
46298 46403 5xlarge 7
46300 46364 5xlarge 2
46306 46412 6xlarge 4
46306 46369 6xlarge 5
46319 46357 xlarge 0
46374 46537 6xlarge 9
46399 47470 2xlarge 4
46433 46489 small 5
46478 46850 6xlarge 8
46491 46677 5xlarge 5
46503 47096 4xlarge 2
46557 48095 2xlarge 1
46558 46625 3xlarge 0
46594 46773 6xlarge 4
46610 46751 5xlarge 6
46612 46791 tiny 3
46615 46751 xlarge 1
46618 46739 3xlarge 5
46622 46787 large 8
46627 46765 large 7
46641 46755 medium 2
46653 46791 5xlarge 1
46660 46725 4xlarge 9
46672 47024 large 6
46768 46904 3xlarge 0
46768 46898 5xlarge 5
46777 46895 3xlarge 2
46840 47149 6xlarge 9
46880 46966 6xlarge 6
46903 46996 large 0
46903 47026 5xlarge 4
46964 47098 small 5
47085 47351 6xlarge 8
47089 47237 small 6
47097 47369 5xlarge 5
47140 47216 2xlarge 0
47209 47360 2xlarge 6
47233 47325 xlarge 2
47236 47459 4xlarge 8
47243 47353 medium 2
47246 47472 4xlarge 2
47260 47326 3xlarge 2
47265 47440 3xlarge 0
47336 47474 small 8
47368 47464 medium 3
47373 47491 xlarge 6
47443 47562 small 5
47488 47594 4xlarge 1
47496 47594 large 3
47498 47582 4xlarge 5
47504 47973 large 6
47507 47603 6xlarge 9
47513 47991 6xlarge 8
47555 49006 medium 6
47586 47837 2xlarge 4
47596 47863 5xlarge 5
47599 47682 3xlarge 0
47614 48031 4xlarge 2
47702 47859 6xlarge 4
47720 47864 3xlarge 2
47740 47791 xlarge 2
47741 47798 xlarge 5
47747 47796 2xlarge 6
47749 47854 6xlarge 7
47757 47835 tiny 2
47759 47874 xlarge 1
47797 47985 tiny 1
47836 47960 4xlarge 8
47931 48096 small 6
47949 48198 3xlarge 0
47964 48095 2xlarge 0
47999 48115 2xlarge 4
48063 48318 4xlarge 8
48065 48202 6xlarge 4
48096 48160 tiny 2
48108 48221 xlarge 1
48109 48184 large 6
48111 48167 6xlarge 7
48185 49432 2xlarge 4
48192 48634 2xlarge 1
48227 48357 medium 2
48286 48445 large 0
48287 48646 4xlarge 2
48295 48661 large 6
48313 48546 xlarge 1
48318 48477 3xlarge 0
48318 48467 5xlarge 4
48409 48560 2xlarge 0
48435 48526 6xlarge 4
48453 48566 4xlarge 8
48462 48533 small 6
48552 48658 3xlarge 2
48574 48939 6xlarge 8
48585 48711 5xlarge 5
48672 48998 3xlarge 0
48719 48812 6xlarge 9
48821 49023 4xlarge 2
48837 49141 2xlarge 1
48887 49194 large 6
49123 49283 large 0
49126 49894 medium 6
49127 49265 5xlarge 4
49164 49425 4xlarge 8
49181 49301 6xlarge 6
49284 50447 2xlarge 1
49318 49520 4xlarge 2
49473 49629 2xlarge 9
49488 50572 2xlarge 4
49498 50365 large 6
49499 49753 small 6
49504 49610 small 8
49511 49790 2xlarge 0
49511 49601 3xlarge 0
49525 49599 6xlarge 9
49540 49633 xlarge 6
49540 49602 6xlarge 4
49540 49667 6xlarge 8
49542 49647 medium 3
49556 49661 xlarge 1
49619 50005 4xlarge 2
49631 49713 4xlarge 8
49771 50090 xlarge 1
49894 50114 3xlarge 0
49915 49974 6xlarge 9
49964 50269 6xlarge 8
49990 50118 2xlarge 3
50005 50096 6xlarge 1
50079 50274 3xlarge 2
50115 50262 4xlarge 8
50124 50262 medium 6
50140 50201 5xlarge 5
50232 50472 4xlarge 2
50377 50745 3xlarge 0
50392 51682 medium 6
50450 50678 small 6
50486 50636 4xlarge 8
50514 50732 2xlarge 0
50595 50742 tiny 3
50599 50712 medium 2
50603 50967 2xlarge 1
50608 50921 4xlarge 2
50683 50830 6xlarge 0
50685 50841 medium 3
50712 52054 2xlarge 4
50713 50853 tiny 1
50737 50851 medium 1
50738 50833 xlarge 6
50743 50835 small 8
50753 50836 4xlarge 8
50846 50945 large 6
50926 51056 2xlarge 3
50929 51075 small 8
50949 51051 4xlarge 8
50960 51095 xlarge 6
50971 51181 3xlarge 0
50978 51033 6xlarge 1
50996 51088 medium 3
51037 51214 4xlarge 7
51041 51201 4xlarge 9
51045 51151 tiny 3
51050 51165 5xlarge 5
51068 51162 large 7
51074 51188 medium 2
51078 51451 large 6
51088 51238 6xlarge 8
51101 51305 2xlarge 1
51111 51208 3xlarge 9
51115 51202 small 4
51116 51325 4xlarge 2
51153 51297 3xlarge 5
51185 51321 5xlarge 6
51280 51457 5xlarge 0
51297 51439 large 0
51307 51515 small 6
51308 51396 medium 2
51317 51391 2xlarge 9
51318 51554 2xlarge 0
51320 51946 3xlarge 0
51329 51428 tiny 3
51332 51432 large 7
51334 51393 4xlarge 0
51334 51461 5xlarge 4
51339 51406 4xlarge 9
51354 51396 medium 9
51396 51519 2xlarge 5
51411 51555 6xlarge 1
51433 51596 2xlarge 3
51454 51584 medium 5
51454 51788 2xlarge 1
51467 51518 2xlarge 7
51474 51526 5xlarge 2
51480 51534 6xlarge 3
51537 51709 small 4
51547 51836 medium 2
51548 51693 3xlarge 9
51559 51651 4xlarge 9
51560 51892 large 6
51561 51682 tiny 3
51571 51667 large 7
51578 51691 4xlarge 8
51583 51795 4xlarge 2
51585 51675 4xlarge 7
51641 51819 small 6
51655 51784 2xlarge 0
51668 51784 6xlarge 1
51672 51817 xlarge 1
51695 51753 5xlarge 4
51710 51759 2xlarge 3
51786 51924 xlarge 6
51873 52128 3xlarge 2
51879 52198 5xlarge 5
51891 52071 tiny 4
51905 52015 2xlarge 2
51919 52193 3xlarge 3
51921 52171 6xlarge 6
51923 52298 6xlarge 8
51927 52352 2xlarge 1
51936 52116 5xlarge 4
51938 52195 large 0
51948 52270 4xlarge 2
52032 52114 small 6
52038 52119 2xlarge 0
52170 52237 medium 3
52178 52265 xlarge 6
52189 52400 large 6
52200 52299 small 8
52200 52788 2xlarge 4
52232 52385 6xlarge 7
52240 52357 medium 8
52240 52359 6xlarge 4
52242 52734 medium 6
52243 52393 tiny 6
52265 52437 3xlarge 4
52267 52413 tiny 8
52268 52358 4xlarge 8
52293 52416 xlarge 1
52313 52409 tiny 2
52403 52838 3xlarge 0
52415 52505 small 5
52417 52551 6xlarge 1
52429 52496 2xlarge 3
52439 52536 6xlarge 9
52481 52633 4xlarge 2
52487 52594 4xlarge 8
52551 52676 2xlarge 1
52599 52733 tiny 3
52600 52786 medium 2
52628 52747 3xlarge 9
52634 52733 large 7
52636 52766 6xlarge 8
52638 52759 4xlarge 7
52665 52719 4xlarge 9
52672 52798 small 4
52750 53484 4xlarge 2
52785 53710 2xlarge 1
52842 53257 large 6
52848 53037 xlarge 1
52891 53035 6xlarge 8
52912 53927 2xlarge 4
52912 52964 5xlarge 5
52919 52954 medium 6
52969 53136 2xlarge 0
52977 53091 small 6
53008 53093 2xlarge 3
53025 53146 6xlarge 1
53034 53278 medium 2
53037 53242 3xlarge 0
53084 53265 large 7
53116 53199 3xlarge 9
53137 53242 6xlarge 9
53145 53221 tiny 3
53157 53249 4xlarge 9
53159 53226 small 4
53199 53348 5xlarge 5
53200 53330 6xlarge 6
53216 53350 xlarge 5
53217 53356 3xlarge 2
53228 53380 3xlarge 3
53248 53323 tiny 4
53256 53375 xlarge 2
53259 53367 3xlarge 1
53260 53381 2xlarge 6
53264 53347 large 0
53266 53319 5xlarge 4
53278 53387 6xlarge 8
53279 53330 2xlarge 8
53280 53345 2xlarge 2
53316 53501 6xlarge 1
53320 53434 medium 2
53321 54359 large 6
53345 53480 2xlarge 3
53355 53517 small 4
53362 53495 large 7
53375 53462 tiny 3
53390 53510 4xlarge 9
53395 53496 3xlarge 0
53396 53475 medium 6
53441 53555 6xlarge 8
53469 53600 6xlarge 9
53554 53732 medium 6
53628 53681 4xlarge 8
53676 53872 3xlarge 0
53680 53855 small 6
53687 53984 6xlarge 4
53713 53849 2xlarge 0
53725 53987 xlarge 1
53733 53824 6xlarge 8
53739 53837 5xlarge 5
53794 53962 5xlarge 6
53845 53984 4xlarge 2
53846 53919 2xlarge 1
53847 53936 3xlarge 5
53849 53972 medium 6
53917 54212 small 6
53999 54031 medium 2
54066 54334 2xlarge 4
54068 54350 medium 6
54068 54225 6xlarge 9
54078 54209 small 5
54080 54220 5xlarge 1
54087 54199 2xlarge 0
54087 54574 4xlarge 2
54103 54175 large 8
54105 54188 3xlarge 5
54115 54180 5xlarge 6
54119 54880 2xlarge 1
54168 54281 3xlarge 9
54172 54355 small 4
54184 54337 tiny 3
54205 54310 medium 2
54206 54303 6xlarge 4
54212 54285 4xlarge 9
54216 54306 xlarge 6
54217 54320 xlarge 1
54218 54310 large 7
54220 54351 small 8
54223 54341 6xlarge 7
54227 54342 tiny 2
54230 54430 3xlarge 0
54232 54284 medium 3
54393 54596 6xlarge 8
54396 54559 medium 6
54398 54881 2xlarge 4
54410 54552 6xlarge 6
54412 54517 large 0
54424 54532 5xlarge 4
54425 54526 3xlarge 3
54427 54575 xlarge 1
54439 54596 6xlarge 4
54446 54517 large 6
54556 54694 3xlarge 0
54632 54943 large 6
54637 54790 5xlarge 6
54638 54791 6xlarge 7
54642 54892 4xlarge 2
54649 54757 tiny 2
54650 54813 xlarge 1
54663 54777 3xlarge 5
54666 54836 4xlarge 8
54709 55016 medium 6
54719 54794 6xlarge 4
54878 55016 6xlarge 6
54881 55070 small 6
54883 55056 5xlarge 4
54889 55036 4xlarge 7
54894 55002 4xlarge 9
54897 55015 3xlarge 3
54900 55073 small 4
54905 55022 3xlarge 9
54918 55060 2xlarge 2
54921 55114 3xlarge 0
54922 55032 large 7
54926 54999 medium 2
54945 55032 tiny 3
54949 55029 tiny 4
54954 55012 large 0
55008 55401 4xlarge 2
55031 55139 large 6
55052 55267 2xlarge 4
55058 55676 2xlarge 1
55124 55273 6xlarge 8
55124 55283 6xlarge 9
55243 55423 medium 2
55267 55373 medium 6
55286 55382 large 6
55307 55408 4xlarge 8
55428 56141 2xlarge 4
55474 55622 4xlarge 8
55479 55611 medium 2
55484 56447 large 6
55499 55649 tiny 1
55529 55675 medium 1
55545 55669 medium 6
55553 55676 6xlarge 8
55560 55623 4xlarge 2
55636 55715 xlarge 1
55644 56255 3xlarge 0
55726 55858 medium 6
55739 55871 large 0
55758 55910 5xlarge 4
55797 56811 2xlarge 1
55961 56207 2xlarge 3
55966 56071 2xlarge 5
55969 56105 medium 5
55978 56112 5xlarge 2
55985 56127 small 6
55997 56569 medium 6
55998 56142 6xlarge 3
56014 56076 2xlarge 0
56021 56239 6xlarge 1
56037 56085 2xlarge 7
56076 56193 5xlarge 6
56090 56345 4xlarge 8
56108 56237 5xlarge 1
56112 56215 small 0
56116 56500 4xlarge 2
56117 56223 large 8
56148 56265 xlarge 1
56154 56242 3xlarge 5
56203 56346 5xlarge 5
56208 56448 medium 3
56219 56440 xlarge 6
56231 56317 6xlarge 8
56255 56498 2xlarge 4
56262 56496 small 8
56320 56515 tiny 3
56341 56561 3xlarge 0
56361 56488 medium 2
56557 57392 large 6
56595 56833 4xlarge 2
56601 56716 6xlarge 6
56618 56830 5xlarge 4
56628 57799 2xlarge 4
56629 56837 large 0
56693 57669 medium 6
56696 56955 small 6
56712 56861 3xlarge 0
56728 56977 2xlarge 0
56800 57057 6xlarge 4
56817 56959 6xlarge 7
56849 57089 4xlarge 8
56871 56914 tiny 2
56873 57109 xlarge 1
56914 57038 6xlarge 6
56922 57119 4xlarge 7
56928 57069 4xlarge 5
56937 57073 4xlarge 1
56944 57087 5xlarge 4
56945 57092 3xlarge 9
56950 57085 tiny 1
56953 57055 large 3
56967 57084 large 7
56968 57034 4xlarge 9
56975 57876 2xlarge 1
56977 57110 medium 2
56980 57065 6xlarge 9
56984 57106 tiny 3
56984 57097 medium 1
56995 57040 small 5
56996 57109 large 0
57000 57101 small 4
57050 57471 3xlarge 0
57065 57399 2xlarge 3
57098 57457 6xlarge 1
57152 57353 2xlarge 0
57156 57351 xlarge 1
57160 57679 4xlarge 2
57166 57284 6xlarge 4
57217 57311 5xlarge 2
57220 57359 4xlarge 8
57226 57298 small 6
57424 57533 medium 3
57433 57554 xlarge 6
57436 57529 4xlarge 8
57451 57515 small 8
57517 57692 2xlarge 3
57523 57901 medium 2
57562 57780 large 6
57565 57634 small 6
57569 57701 2xlarge 0
57570 57648 2xlarge 9
57571 57689 3xlarge 0
57659 57819 6xlarge 4
57675 57790 medium 3
57704 57810 xlarge 1
57712 57786 xlarge 6
57713 57803 small 8
57765 58004 3xlarge 0
57788 57951 tiny 3
57801 57879 4xlarge 5
57807 57942 6xlarge 9
57810 57958 4xlarge 1
57820 57899 large 2
57821 57913 large 3
57821 57923 large 7
57826 57919 4xlarge 2
57831 57881 medium 7
57833 57923 medium 6
57836 57927 4xlarge 9
57839 57880 small 5
57876 58064 2xlarge 3
57882 58035 large 6
57897 58006 6xlarge 4
57898 58006 2xlarge 0
57917 58039 2xlarge 4
57924 58042 small 6
57933 57994 xlarge 1
58002 58113 2xlarge 2
58003 58132 large 0
58006 58144 tiny 4
58012 58282 medium 6
58013 58194 3xlarge 3
58016 58140 6xlarge 6
58054 58188 5xlarge 4
58113 58393 4xlarge 2
58114 58486 large 6
58149 58263 6xlarge 8
58177 58292 3xlarge 2
58191 58280 5xlarge 5
58192 58629 2xlarge 1
58237 58395 6xlarge 1
58254 58521 3xlarge 0
58269 58377 2xlarge 3
58313 58541 2xlarge 4
58354 58471 6xlarge 9
58358 58506 xlarge 1
58434 58502 medium 6
58536 58602 6xlarge 8
58601 59728 large 6
58657 58716 2xlarge 4
58667 59032 medium 6
58736 58842 6xlarge 1
58756 58902 3xlarge 0
58768 58874 2xlarge 3
58786 58897 xlarge 1
58796 58909 6xlarge 4
58838 59113 2xlarge 4
58845 59036 4xlarge 9
58848 58982 tiny 3
58850 58983 large 7
58879 59102 2xlarge 1
58900 58984 6xlarge 9
58909 58988 medium 2
58963 59235 6xlarge 8
59007 59457 xlarge 1
59011 59135 4xlarge 2
59029 59136 6xlarge 4
59075 59200 2xlarge 6
59079 59222 xlarge 9
59080 59446 5xlarge 4
59088 59483 large 0
59112 59271 small 9
59130 59208 3xlarge 2
59138 59279 5xlarge 5
59144 59200 medium 2
59145 59234 xlarge 5
59152 59271 xlarge 2
59193 59711 2xlarge 4
59194 59399 4xlarge 8
59205 59360 medium 6
59213 59339 medium 1
59214 59391 tiny 1
59256 59338 6xlarge 0
59276 59494 3xlarge 3
59276 59449 6xlarge 6
59320 59451 4xlarge 2
59324 59472 2xlarge 7
59327 59558 3xlarge 0
59341 59515 6xlarge 1
59354 59955 2xlarge 1
59357 59497 6xlarge 3
59372 59457 2xlarge 5
59373 59455 medium 5
59377 59455 6xlarge 8
59381 59481 5xlarge 2
59382 59497 2xlarge 3
59389 59431 5xlarge 7
59433 59826 4xlarge 8
59468 59874 medium 6
59569 59714 large 0
59571 59685 5xlarge 4
59572 59734 4xlarge 2
59606 59737 6xlarge 6
59820 61505 large 6
59827 60955 2xlarge 4
59851 59918 4xlarge 2
59933 60036 xlarge 1
60000 61543 medium 6
60048 60160 4xlarge 2
60094 60224 2xlarge 1
60117 60211 4xlarge 8
60324 60476 6xlarge 4
60341 60549 xlarge 1
60452 60874 2xlarge 1
60453 60941 4xlarge 2
60470 61070 3xlarge 0
60473 60643 4xlarge 8
60523 60633 5xlarge 4
60526 60671 3xlarge 3
60536 60664 6xlarge 6
60546 60675 large 0
60820 61003 small 6
60879 61048 2xlarge 0
60895 61414 6xlarge 4
60904 61001 2xlarge 3
60931 61028 4xlarge 8
60942 61363 xlarge 1
60953 60991 6xlarge 1
61029 61422 6xlarge 7
61030 61160 tiny 3
61033 62090 2xlarge 1
61037 61404 tiny 2
61055 61180 tiny 8
61063 61133 medium 8
61066 61130 medium 2
61071 61132 3xlarge 4
61152 62387 2xlarge 4
61236 61419 xlarge 6
61260 61404 small 8
61269 61424 3xlarge 0
61309 61357 medium 3
61314 61357 4xlarge 2
61363 61539 6xlarge 9
61424 61545 4xlarge 8
61425 61506 small 5
61505 61633 3xlarge 0
61521 61654 small 8
61524 61785 small 6
61528 61664 xlarge 6
61532 61666 medium 3
61551 61736 2xlarge 0
61599 61886 large 6
61600 61751 3xlarge 2
61615 62142 4xlarge 2
61620 61791 5xlarge 5
61625 61722 6xlarge 8
61626 61965 medium 6
61637 61799 4xlarge 8
61755 61880 3xlarge 5
61760 61862 5xlarge 6
61765 61902 5xlarge 1
61775 61862 large 8
61832 62005 tiny 1
61843 61970 6xlarge 9
61876 62214 3xlarge 0
61879 62037 medium 1
61910 61961 4xlarge 8
61978 62117 xlarge 1
62008 62156 large 6
62197 62350 4xlarge 2
62215 62374 6xlarge 8
62225 62337 5xlarge 5
62227 62384 2xlarge 6
62229 62753 2xlarge 1
62232 62590 medium 6
62239 62330 xlarge 2
62248 62354 3xlarge 2
62269 62313 4xlarge 8
62328 62858 large 6
62394 62431 3xlarge 0
62465 62676 4xlarge 2
62491 62950 2xlarge 4
62638 62953 3xlarge 0
62679 62833 4xlarge 8
62681 62846 6xlarge 1
62688 62800 5xlarge 2
62728 62840 2xlarge 3
62735 63158 medium 6
62818 62928 6xlarge 6
62823 62936 3xlarge 3
62827 63102 2xlarge 1
62841 62995 large 0
62860 62968 5xlarge 4
62864 62989 4xlarge 2
62926 63052 medium 2
62953 63515 large 6
62972 63041 4xlarge 8
63049 63159 2xlarge 0
63064 63221 small 6
63074 63419 2xlarge 4
63088 63205 3xlarge 2
63088 63218 5xlarge 5
63103 63299 3xlarge 0
63111 63197 6xlarge 8
63169 63312 large 7
63176 63330 tiny 3
63181 63355 4xlarge 9
63199 63353 small 4
63205 63275 4xlarge 2
63217 63359 3xlarge 9
63235 63294 medium 2
63236 63296 2xlarge 1
63333 63453 xlarge 1
63434 63641 medium 6
63513 63695 large 0
63521 63678 medium 0
63522 63668 small 3
63530 63698 tiny 4
63547 63672 6xlarge 6
63568 63715 5xlarge 4
63572 63665 3xlarge 3
63573 63683 2xlarge 8
63580 64278 2xlarge 1
63581 63714 2xlarge 2
63591 63674 xlarge 8
63597 63643 3xlarge 0
63600 63688 3xlarge 1
63641 64292 4xlarge 2
63662 63779 6xlarge 8
63676 64238 large 6
63682 63757 3xlarge 2
63688 63806 2xlarge 4
63704 63833 5xlarge 5
63782 64018 medium 6
63788 63920 2xlarge 3
63788 63952 6xlarge 1
63791 63908 3xlarge 0
63826 63927 4xlarge 8
63913 64059 tiny 3
63947 64068 medium 2
64052 64146 3xlarge 0
64062 64272 2xlarge 4
64112 64289 xlarge 1
64131 64237 6xlarge 8
64135 64252 4xlarge 8
64159 64274 6xlarge 6
64161 64311 large 0
64178 64276 medium 6
64181 64282 tiny 4
64182 64261 5xlarge 4
64184 64319 3xlarge 3
64188 64244 2xlarge 2
64232 64413 medium 2
64239 64720 3xlarge 0
64360 64471 6xlarge 1
64366 64516 xlarge 1
64367 64500 6xlarge 8
64395 64602 2xlarge 1
64404 64549 2xlarge 3
64418 64633 2xlarge 4
64429 64516 large 6
64498 64593 4xlarge 8
64504 64614 medium 6
64516 64636 5xlarge 4
64525 64653 4xlarge 2
64655 64712 xlarge 1
64672 64739 large 6
64727 64859 5xlarge 5
64745 64866 3xlarge 2
64768 65832 2xlarge 1
64768 65942 2xlarge 4
64775 65005 medium 6
64790 65388 6xlarge 8
64837 65159 3xlarge 0
64838 64994 6xlarge 7
64853 64984 4xlarge 2
64858 64995 6xlarge 4
64863 65104 xlarge 1
64883 65215 large 6
64917 64964 tiny 2
64973 65075 2xlarge 6
65016 65157 3xlarge 2
65018 65071 5xlarge 5
65088 65490 4xlarge 2
65112 65585 medium 6
65193 65330 3xlarge 2
65278 65335 5xlarge 5
65330 65484 6xlarge 1
65335 65437 3xlarge 0
65357 65451 2xlarge 3
65372 65499 small 6
65395 65509 2xlarge 0
65438 65746 large 0
65443 65758 5xlarge 4
65470 65581 3xlarge 3
65471 65598 3xlarge 2
65492 65593 large 6
65495 65751 6xlarge 8
65507 65625 6xlarge 6
65509 65754 5xlarge 5
65561 65794 4xlarge 2
65566 65740 small 8
65576 65739 xlarge 6
65577 65699 medium 3
65676 65833 4xlarge 9
65689 65852 medium 6
65691 65823 tiny 3
65693 65861 4xlarge 8
65722 65979 3xlarge 0
65724 65875 3xlarge 9
65727 65863 small 4
65727 65833 large 7
65748 65868 4xlarge 7
65753 65856 medium 2
65832 66195 large 6
65852 65916 small 8
65870 65913 medium 3
65872 65925 xlarge 1
65878 65974 xlarge 6
65921 66046 3xlarge 3
65930 66104 large 0
65933 66522 2xlarge 1
65951 66116 5xlarge 5
65962 66095 5xlarge 4
65971 66086 6xlarge 6
65986 66084 6xlarge 8
65998 66642 medium 6
66056 66422 2xlarge 4
66110 66195 3xlarge 0
66119 66185 2xlarge 3
66164 66316 6xlarge 8
66187 66359 3xlarge 2
66231 66421 4xlarge 2
66233 66302 5xlarge 5
66316 66393 large 6
66446 66579 3xlarge 0
66480 66632 4xlarge 8
66522 67842 2xlarge 4
66642 66804 3xlarge 2
66648 67436 2xlarge 1
66682 66803 6xlarge 8
66684 67384 large 6
66699 67041 4xlarge 2
66708 66751 5xlarge 5
66760 66891 3xlarge 5
66786 67233 3xlarge 0
66798 67046 2xlarge 3
66822 67028 6xlarge 1
66823 66922 medium 6
66885 67070 small 1
66897 67033 xlarge 1
66897 67065 4xlarge 0
66899 67009 3xlarge 2
66902 67073 2xlarge 9
66902 67079 6xlarge 8
66907 67010 2xlarge 6
66919 67032 2xlarge 0
66925 67061 small 6
66930 67038 medium 9
66940 67046 5xlarge 5
66951 66997 6xlarge 4
66959 66996 5xlarge 0
67062 67773 medium 6
67128 67435 4xlarge 2
67128 67235 4xlarge 9
67144 67295 large 7
67159 67308 tiny 3
67175 67495 medium 2
67239 67412 5xlarge 4
67280 67352 4xlarge 8
67303 67353 large 0
67352 67556 4xlarge 9
67360 67609 6xlarge 1
67373 67544 small 4
67383 67659 3xlarge 0
67387 67649 2xlarge 3
67394 67517 large 7
67395 67484 3xlarge 9
67422 67479 tiny 3
67482 68031 2xlarge 1
67494 67675 medium 3
67496 67886 large 6
67497 67663 small 6
67498 67597 3xlarge 2
67504 67640 2xlarge 0
67513 67592 5xlarge 2
67519 67769 5xlarge 5
67529 67659 xlarge 6
67556 67717 6xlarge 8
67557 67640 small 8
67630 67767 4xlarge 2
67666 67776 xlarge 1
67844 68156 medium 6
67876 67961 4xlarge 2
67877 68005 3xlarge 0
67918 68156 5xlarge 4
67963 68128 3xlarge 3
67968 68078 medium 2
67973 68141 large 0
68001 68683 large 6
68008 68091 6xlarge 6
68010 68146 2xlarge 2
68073 68673 2xlarge 1
68075 68229 3xlarge 0
68100 68244 3xlarge 5
68129 68726 2xlarge 4
68134 68498 4xlarge 2
68145 68223 5xlarge 6
68227 68443 medium 6
68229 68333 4xlarge 8
68321 68479 6xlarge 3
68322 68487 medium 5
68324 68490 4xlarge 0
68325 68517 2xlarge 7
68328 68454 2xlarge 3
68336 68512 5xlarge 2
68344 68491 small 1
68345 68499 3xlarge 0
68346 68488 5xlarge 0
68355 68477 2xlarge 9
68361 68483 6xlarge 1
68363 68482 small 6
68365 68488 2xlarge 0
68393 68457 2xlarge 5
68400 68458 medium 9
68554 68828 5xlarge 5
68570 68749 tiny 3
68571 68748 4xlarge 9
68582 68728 large 7
68585 68677 medium 2
68599 68860 medium 6
68611 68739 4xlarge 2
68629 68798 6xlarge 8
68685 68843 3xlarge 2
68794 68967 large 6
68822 69080 2xlarge 1
68844 68939 2xlarge 3
68851 68927 3xlarge 0
68877 69035 4xlarge 2
68939 69119 medium 6
68950 70619 2xlarge 4
68952 69060 4xlarge 8
69036 69309 small 6
69040 69567 3xlarge 0
69042 69163 6xlarge 1
69064 69209 2xlarge 3
69089 69320 2xlarge 0
69171 69437 5xlarge 5
69187 69281 4xlarge 8
69198 69330 xlarge 1
69199 69281 large 6
69202 69663 6xlarge 8
69239 69939 medium 6
69284 69704 2xlarge 1
69302 69470 3xlarge 2
69310 69434 5xlarge 4
69324 69558 4xlarge 2
69401 69571 small 8
69403 69543 xlarge 1
69415 69526 large 6
69418 69557 tiny 2
69423 69560 medium 3
69431 69526 6xlarge 7
69438 69541 xlarge 6
69448 69599 6xlarge 4
69527 69657 5xlarge 5
69632 69765 2xlarge 3
69649 69833 6xlarge 1
69660 69896 3xlarge 0
69706 69790 large 6
69762 69933 6xlarge 8
69768 69897 5xlarge 5
69933 70138 large 6
69944 70283 2xlarge 1
69960 70194 3xlarge 8
69999 70632 medium 6
70023 70304 5xlarge 5
70036 70243 6xlarge 8
70052 70128 4xlarge 2
70064 70538 3xlarge 0
70115 70231 3xlarge 2
70233 72673 3xlarge 8
70246 70396 xlarge 1
70249 70377 xlarge 6
70254 70728 large 6
70260 70384 small 8
70269 70439 medium 3
70404 70519 4xlarge 2
70410 70635 2xlarge 1
70646 70726 5xlarge 4
70768 72829 2xlarge 1
70770 70896 6xlarge 9
70773 71151 3xlarge 0
70791 70966 medium 6
70791 70915 4xlarge 2
70847 71033 2xlarge 4
70877 71037 4xlarge 8
70953 71080 small 2
70974 71270 4xlarge 2
70986 71082 large 6
70987 71085 small 0
70995 71087 2xlarge 3
70996 71147 large 8
70996 71137 5xlarge 6
71029 71100 3xlarge 5
71034 71101 5xlarge 1
71035 71136 6xlarge 1
71105 71333 2xlarge 4
71140 71968 medium 6
71151 71210 medium 2
71157 71192 4xlarge 8
71232 71337 large 6
71253 71397 5xlarge 4
71389 71596 3xlarge 0
71461 71710 4xlarge 2
71467 71684 2xlarge 4
71496 71625 4xlarge 8
71579 71689 medium 2
71684 71844 4xlarge 8
71744 71803 5xlarge 4
71747 71873 large 0
71797 71988 small 6
71807 71995 2xlarge 9
71819 72408 4xlarge 2
71826 71988 2xlarge 0
71832 72101 large 6
71838 71967 4xlarge 0
71850 71923 medium 9
71857 71971 5xlarge 0
71869 71981 medium 2
71948 72045 xlarge 1
71993 72103 6xlarge 4
72043 72165 small 6
72044 72201 6xlarge 0
72049 72176 medium 1
72049 72178 5xlarge 0
72069 72228 4xlarge 0
72073 72822 2xlarge 4
72084 72215 tiny 1
72087 72718 4xlarge 8
72093 73430 medium 6
72107 72207 2xlarge 9
72117 72218 2xlarge 0
72157 72286 5xlarge 5
72161 72338 medium 2
72161 72341 4xlarge 7
72183 72340 tiny 3
72187 72272 large 7
72189 72403 6xlarge 8
72198 72335 4xlarge 9
72202 72470 large 6
72204 72289 3xlarge 9
72208 72319 small 4
72227 72282 3xlarge 2
72396 72516 4xlarge 9
72401 72517 large 7
72404 72695 medium 2
72411 72584 tiny 3
72417 72550 small 4
72531 72692 6xlarge 1
72553 72709 2xlarge 3
72570 72642 3xlarge 0
72656 72753 large 6
72669 72930 2xlarge 0
72675 72836 4xlarge 2
72691 72797 6xlarge 8
72699 72916 small 6
72759 72875 4xlarge 8
72764 72901 tiny 3
72767 72955 medium 2
72768 72901 large 7
72801 72951 2xlarge 9
72826 73483 3xlarge 8
72837 72949 4xlarge 9
72897 73231 4xlarge 2
72913 73303 2xlarge 1
72913 73070 6xlarge 8
72924 73130 3xlarge 0
73001 73192 2xlarge 4
73020 73415 tiny 3
73042 73146 6xlarge 9
73066 73539 medium 2
73113 73277 5xlarge 6
73125 73278 large 6
73131 73274 3xlarge 2
73140 73380 large 7
73163 73315 xlarge 1
73163 73256 6xlarge 4
73165 73288 6xlarge 8
73179 73234 3xlarge 5
73179 73319 5xlarge 5
73192 73433 4xlarge 9
73194 73262 tiny 2
73199 73243 6xlarge 7
73246 73411 small 8
73268 73517 2xlarge 4
73282 73435 xlarge 6
73309 73405 small 4
73315 73437 medium 3
73395 73496 6xlarge 1
73410 73513 3xlarge 0
73412 73493 2xlarge 3
73423 74148 2xlarge 1
73491 73674 2xlarge 9
73497 73753 4xlarge 2
73531 74805 medium 6
73543 73594 small 6
73544 73657 large 6
73545 73663 2xlarge 0
73602 74008 2xlarge 4
73721 73853 2xlarge 7
73732 75271 3xlarge 8
73742 73910 5xlarge 7
73754 73854 3xlarge 0
73756 73908 medium 5
73759 73861 5xlarge 2
73760 73846 2xlarge 5
73765 73983 xlarge 1
73767 73902 2xlarge 3
73772 73855 xlarge 3
73775 73890 large 1
73793 73959 large 6
73793 73912 6xlarge 3
73795 73833 tiny 9
73795 73898 6xlarge 1
73795 73961 6xlarge 4
73847 74025 2xlarge 0
73900 73986 small 6
73907 74251 4xlarge 8
74036 74135 4xlarge 2
74040 74268 3xlarge 0
74105 74451 large 6
74158 74212 6xlarge 8
74201 74449 4xlarge 2
74245 74476 2xlarge 4
74247 74476 2xlarge 1
74436 75040 3xlarge 0
74441 74562 small 6
74443 74552 2xlarge 3
74493 74748 4xlarge 8
74497 74624 2xlarge 0
74566 75283 2xlarge 1
74573 74827 large 6
74674 74872 large 0
74693 74810 2xlarge 2
74696 75306 2xlarge 4
74699 74834 6xlarge 6
74711 74872 tiny 4
74720 74824 3xlarge 3
74724 74841 4xlarge 2
74725 74872 5xlarge 4
74754 74858 medium 2
74913 75108 medium 2
74921 75078 2xlarge 3
75056 75212 6xlarge 8
75077 75401 medium 6
75092 75479 4xlarge 8
75093 75222 5xlarge 6
75096 75230 3xlarge 5
75096 75174 4xlarge 2
75228 75336 tiny 1
75229 75318 large 6
75231 75304 medium 1
75293 75413 5xlarge 5
75295 75412 2xlarge 6
75305 75445 3xlarge 2
75315 75470 xlarge 2
75323 75432 xlarge 5
75329 75441 3xlarge 0
75342 75419 xlarge 9
75352 75401 6xlarge 8
75398 75562 5xlarge 4
75416 77440 3xlarge 8
75417 75643 large 6
75478 75872 2xlarge 4
75515 76768 2xlarge 1
75523 75638 small 4
75537 75679 4xlarge 9
75539 76032 medium 6
75554 75646 3xlarge 9
75562 75788 tiny 3
75580 75806 medium 2
75594 75688 large 7
75662 76292 4xlarge 2
75695 75811 3xlarge 0
75712 75810 4xlarge 8
75768 75932 small 6
75778 75875 6xlarge 8
75786 75941 2xlarge 0
75796 75949 2xlarge 6
75815 76002 large 6
75819 75890 5xlarge 5
75828 75933 3xlarge 2
75920 76049 4xlarge 8
76017 76287 5xlarge 5
76026 76286 6xlarge 8
76070 76165 2xlarge 4
76120 76289 xlarge 1
76134 76291 6xlarge 4
76142 76244 large 6
76162 76354 medium 6
76173 76318 3xlarge 2
76179 76479 3xlarge 0
76186 76249 5xlarge 4
76265 76365 2xlarge 4
76293 76425 4xlarge 8
76358 76794 4xlarge 2
76386 76655 6xlarge 8
76390 77101 large 6
76502 76601 medium 6
76535 76613 2xlarge 4
76538 76780 medium 2
76607 76713 6xlarge 1
76629 76793 6xlarge 9
76630 76745 tiny 3
76632 76727 3xlarge 0
76642 76751 2xlarge 3
76645 76742 6xlarge 4
76671 76759 xlarge 1
76716 76841 2xlarge 4
76721 76845 3xlarge 2
76726 76895 5xlarge 5
76727 76831 xlarge 5
76735 76868 small 9
76737 76885 xlarge 9
76744 76861 6xlarge 8
76751 76884 large 9
76764 76837 3xlarge 7
76767 77150 medium 6
76770 76918 xlarge 2
76776 76890 2xlarge 6
76851 77018 4xlarge 2
76856 76989 2xlarge 1
76864 77039 3xlarge 5
76876 76961 6xlarge 9
76908 76985 5xlarge 6
76953 77124 tiny 3
76954 77119 3xlarge 0
76962 77151 xlarge 1
76981 77108 medium 2
76991 77097 tiny 1
77000 77114 medium 1
77002 77135 4xlarge 9
77011 77081 4xlarge 8
77023 77131 large 7
77149 77335 2xlarge 1
77151 77241 4xlarge 2
77216 77315 medium 2
77243 77476 medium 6
77243 77702 3xlarge 0
77321 77744 large 6
77330 77576 xlarge 1
77342 77438 5xlarge 5
77368 78073 2xlarge 4
77383 77519 6xlarge 8
77387 77442 4xlarge 8
77397 77508 3xlarge 2
77460 78396 2xlarge 1
77469 77625 2xlarge 3
77473 77625 6xlarge 1
77485 77584 5xlarge 2
77519 77597 6xlarge 4
77557 77958 4xlarge 2
77568 77682 6xlarge 8
77571 77737 3xlarge 8
77628 78118 medium 6
77814 77936 6xlarge 4
77828 77970 xlarge 1
77834 78539 large 6
77839 77988 xlarge 6
77845 77975 small 8
77848 77986 medium 3
77863 80138 3xlarge 8
77930 78031 4xlarge 8
77964 78426 3xlarge 0
78034 78199 tiny 4
78035 78169 tiny 3
78039 78201 3xlarge 1
78049 78175 6xlarge 6
78053 78199 xlarge 8
78055 78179 4xlarge 2
78063 78205 5xlarge 4
78064 78276 6xlarge 8
78066 78209 large 0
78066 78187 3xlarge 2
78073 78211 3xlarge 3
78078 78198 2xlarge 8
78094 78191 medium 2
78096 78210 2xlarge 2
78106 78289 5xlarge 5
78210 78404 medium 6
78272 78458 3xlarge 3
78293 78467 tiny 4
78310 78421 large 0
78335 78393 6xlarge 6
78348 78479 5xlarge 4
78359 78454 2xlarge 2
78395 78518 medium 8
78397 78557 xlarge 1
78406 78558 3xlarge 2
78409 78673 6xlarge 9
78418 78559 6xlarge 4
78431 78583 2xlarge 4
78447 78536 tiny 6
78458 78548 tiny 8
78460 78575 tiny 2
78464 78535 6xlarge 7
78466 78543 5xlarge 5
78466 78566 6xlarge 8
78471 78585 medium 2
78472 78580 3xlarge 4
78512 78694 4xlarge 8
78533 78670 2xlarge 1
78550 78684 4xlarge 2
78558 78642 small 5
78580 78694 medium 6
78646 78824 2xlarge 4
78648 78800 small 8
78657 78941 medium 2
78670 78811 xlarge 6
78679 78780 medium 3
78717 78793 tiny 3
78756 78934 xlarge 1
78762 78896 3xlarge 0
78771 78871 6xlarge 4
78798 79057 4xlarge 2
78830 78931 large 6
78838 79494 2xlarge 1
78878 79161 2xlarge 4
78886 79016 3xlarge 2
78890 78992 6xlarge 8
78924 79002 5xlarge 5
78997 79261 medium 2
79002 79991 large 6
79014 79195 medium 3
79034 79127 xlarge 6
79054 79196 small 6
79058 79152 2xlarge 0
79079 79193 small 8
79120 79242 large 7
79124 79395 medium 6
79175 79304 4xlarge 9
79180 79319 tiny 3
79182 79472 4xlarge 2
79198 79436 4xlarge 8
79270 79501 xlarge 1
79390 79479 6xlarge 4
79475 79642 6xlarge 1
79477 79657 3xlarge 0
79515 80758 medium 6
79533 79604 2xlarge 3
79596 79770 4xlarge 7
79605 79753 large 7
79611 79957 2xlarge 1
79632 79735 3xlarge 9
79633 80025 4xlarge 2
79635 79717 small 4
79635 80111 4xlarge 8
79659 79892 medium 2
79667 79720 4xlarge 9
79672 79732 tiny 3
79678 79878 2xlarge 4
79729 79833 xlarge 1
79777 79833 6xlarge 4
79846 79984 3xlarge 5
79850 79983 tiny 1
79852 79961 5xlarge 1
79867 80000 medium 1
79874 80033 5xlarge 6
79881 80014 3xlarge 0
79900 80007 6xlarge 8
79906 80038 large 8
79964 80125 medium 2
79971 80134 small 5
80005 80146 3xlarge 9
80006 80154 6xlarge 9
80007 80142 4xlarge 9
80009 80091 4xlarge 7
80010 80140 small 4
80017 80154 large 7
80020 80082 tiny 3
80082 80265 2xlarge 4
80101 80226 large 6
80144 80191 6xlarge 4
80145 80254 xlarge 1
80200 80398 2xlarge 9
80209 80368 2xlarge 0
80213 80501 3xlarge 8
80243 80343 2xlarge 1
80244 80337 small 6
80260 80378 4xlarge 2
80330 80838 2xlarge 4
80390 80444 3xlarge 0
80453 80593 large 6
80481 80585 4xlarge 8
80559 80716 small 8
80566 80685 medium 3
80580 81193 4xlarge 2
80613 80816 3xlarge 0
80625 80756 xlarge 6
80632 81185 2xlarge 1
80634 81219 3xlarge 8
80690 80794 medium 2
80755 80982 large 6
80796 80927 4xlarge 8
80878 81403 medium 6
80913 81063 5xlarge 5
80938 81238 6xlarge 8
80944 81180 2xlarge 4
81065 81230 4xlarge 8
81172 81325 large 6
81327 85735 3xlarge 8
81355 81477 2xlarge 4
81360 81478 4xlarge 8
81431 81716 xlarge 1
81450 82022 large 6
81513 81676 2xlarge 2
81539 81655 6xlarge 6
81540 81689 5xlarge 4
81549 81646 tiny 4
81549 81652 2xlarge 8
81560 81659 large 0
81566 81667 3xlarge 3
81578 81640 6xlarge 4
81587 81650 2xlarge 4
81593 81915 medium 6
81599 81673 3xlarge 1
81660 81932 4xlarge 8
81666 81766 3xlarge 0
81673 81791 6xlarge 1
81719 81836 2xlarge 3
81763 81922 2xlarge 4
81764 82010 3xlarge 2
81772 81887 4xlarge 2
81776 82049 6xlarge 8
81779 82079 5xlarge 5
81797 81906 2xlarge 0
81801 81956 small 6
81837 82019 2xlarge 1
81902 82025 medium 2
81921 82003 3xlarge 0
82039 82142 medium 6
82080 82232 2xlarge 4
82115 82645 3xlarge 0
82138 82261 6xlarge 6
82142 82274 large 0
82142 82304 5xlarge 4
82160 82297 3xlarge 3
82168 82253 6xlarge 8
82187 82528 large 6
82255 82386 6xlarge 4
82267 82556 medium 6
82306 82405 xlarge 1
82409 82621 2xlarge 1
82413 82664 4xlarge 2
82421 82603 2xlarge 3
82435 82722 2xlarge 4
82493 82630 3xlarge 2
82551 82633 5xlarge 5
82552 82791 6xlarge 8
82601 82762 6xlarge 6
82606 82752 5xlarge 4
82638 82769 medium 6
82638 82873 large 6
82644 82784 3xlarge 3
82664 82713 6xlarge 9
82672 82759 large 0
82730 83201 2xlarge 1
82732 82853 xlarge 1
82779 82965 4xlarge 2
82959 84202 medium 6
82968 83142 large 6
82999 83142 xlarge 1
83027 83191 4xlarge 8
83034 83609 2xlarge 4
83100 83252 tiny 1
83133 83218 medium 1
83246 83368 large 6
83319 83511 tiny 9
83322 83498 2xlarge 5
83323 83469 2xlarge 7
83326 83619 2xlarge 1
83333 83470 3xlarge 0
83333 83459 6xlarge 1
83359 83501 5xlarge 7
83367 83494 2xlarge 3
83367 83511 5xlarge 2
83378 83508 6xlarge 3
83386 83468 medium 5
83440 83627 4xlarge 2
83441 83582 medium 3
83462 83563 xlarge 6
83470 83956 4xlarge 8
83484 83607 small 8
83486 83556 tiny 3
83497 83620 4xlarge 9
83520 83634 medium 2
83726 83806 4xlarge 2
83750 83832 3xlarge 5
83755 83854 3xlarge 0
83759 83860 2xlarge 1
83914 84111 2xlarge 1
83923 84430 3xlarge 0
83961 84083 4xlarge 2
84065 84216 2xlarge 4
84155 84278 5xlarge 5
84171 84311 6xlarge 1
84178 84284 3xlarge 2
84188 84290 2xlarge 3
84212 84430 4xlarge 2
84214 84343 6xlarge 8
84234 84397 2xlarge 1
84281 84416 medium 9
84285 84449 5xlarge 0
84305 84444 small 1
84316 84430 2xlarge 0
84321 84426 5xlarge 8
84324 84471 4xlarge 0
84328 84393 5xlarge 9
84341 84512 2xlarge 4
84347 84412 small 6
84355 85174 large 6
84356 84435 2xlarge 9
84403 84906 medium 6
84408 84590 6xlarge 4
84414 84531 6xlarge 9
84452 84576 4xlarge 8
84477 84883 xlarge 1
84515 84678 2xlarge 3
84525 84817 4xlarge 2
84561 84836 2xlarge 1
84562 84660 3xlarge 0
84667 84880 6xlarge 4
84718 84958 2xlarge 4
84765 84874 6xlarge 7
84766 84882 4xlarge 8
84769 84950 tiny 2
84808 84924 3xlarge 0
84941 85057 6xlarge 8
84994 85169 2xlarge 5
85007 85115 xlarge 1
85009 85182 6xlarge 3
85015 86447 2xlarge 1
85028 85183 5xlarge 2
85047 85131 medium 6
85048 85182 2xlarge 3
85048 85152 2xlarge 7
85048 85129 3xlarge 0
85065 85242 2xlarge 4
85074 85111 6xlarge 1
85079 85141 medium 5
85199 85508 4xlarge 2
85281 85544 xlarge 1
85282 85394 5xlarge 4
85296 85355 large 0
85303 85482 large 6
85313 85411 medium 2
85393 85557 6xlarge 4
85415 85491 3xlarge 0
85511 85652 medium 2
85543 85649 2xlarge 4
85597 85770 large 6
85609 85746 5xlarge 4
85616 85799 medium 6
85630 85716 6xlarge 6
85661 85762 3xlarge 3
85663 85736 large 0
85668 85792 6xlarge 8
85717 85846 4xlarge 2
85752 85998 2xlarge 4
85843 86027 medium 6
85864 85989 tiny 9
85864 86243 3xlarge 0
85868 86475 3xlarge 8
85872 85986 5xlarge 7
85876 85994 5xlarge 2
85881 86330 medium 2
85885 85989 xlarge 1
85888 86020 6xlarge 1
85894 85961 2xlarge 3
85894 86002 2xlarge 7
85895 85976 large 6
85899 86026 medium 5
85908 85991 2xlarge 5
85909 86023 6xlarge 3
85962 86071 5xlarge 6
86015 86154 3xlarge 5
86021 86363 4xlarge 2
86078 86372 large 7
86078 86263 xlarge 6
86104 86211 medium 3
86117 86257 medium 6
86139 86325 tiny 3
86140 86384 4xlarge 9
86156 86482 2xlarge 4
86159 86363 large 6
86225 86311 6xlarge 8
86227 86324 6xlarge 4
86235 86382 xlarge 1
86255 86339 small 4
86333 86454 small 8
86366 86485 medium 3
86368 86518 xlarge 6
