#base_trace: g5k06, config_file: configs/scheduling/personal-config15.xml, total_servers: 6, total_time: 86400, time_dist_mean: 2.450000, time_dist_stdev: 0.640000, node_dist_mean: 2.140000, node_dist_stdev: 1.180000
0 82 small 0
217 294 small 1
394 573 tiny 1
458 580 medium 1
709 838 small 0
1025 1164 medium 0
1032 1138 medium 1
1502 1621 medium 0
1610 1746 small 1
1865 2030 medium 0
2119 2231 tiny 1
2588 2683 medium 1
2614 2681 small 0
3080 3189 small 1
3083 3184 small 0
3274 3418 tiny 1
3304 3398 small 0
3466 3677 medium 1
3521 3656 medium 0
3802 4001 tiny 1
4053 4242 small 0
4079 4197 medium 1
4186 4250 small 1
4495 4624 medium 0
4659 4741 small 0
4673 4746 tiny 0
5075 5498 small 0
5677 5861 small 1
5913 6037 tiny 1
5953 6073 small 1
6307 6393 medium 0
6789 6940 small 0
7076 7143 small 1
7197 7286 small 0
7503 7632 medium 1
7600 7864 small 0
7955 8115 small 0
8241 8505 medium 0
8447 8623 medium 1
8497 8594 small 1
8509 8686 small 0
8806 9112 small 0
8862 8985 small 1
9177 9293 small 0
9593 9762 small 0
9992 10193 medium 1
10171 10258 small 1
10232 10518 medium 1
10286 10497 tiny 1
10906 11479 small 0
10910 11078 small 1
11001 11135 medium 1
11749 11839 small 0
12082 12155 small 1
12309 12431 small 0
12691 12821 small 0
13017 13143 small 0
13180 13318 medium 1
13272 13358 medium 0
13291 13355 small 0
13642 13737 medium 0
13647 13754 tiny 1
13911 13957 medium 1
14122 14216 small 1
14220 14368 tiny 1
14473 14614 small 0
15202 15349 small 0
15298 15440 tiny 1
15310 15396 medium 1
15533 15798 small 0
15544 15672 medium 1
16063 16154 medium 1
16385 16557 tiny 1
16617 16858 small 1
16876 17138 tiny 1
16968 17090 medium 0
17117 17199 small 0
17256 17338 medium 1
17345 17459 medium 0
17371 17578 small 0
17845 17937 small 0
18033 18167 medium 1
18052 18219 small 0
18074 18221 tiny 1
18102 18215 medium 0
18291 18415 small 0
18513 18710 small 0
18567 18669 medium 1
18759 19129 medium 1
19388 19525 small 0
19534 19596 medium 1
19631 19735 small 0
19845 20028 small 0
19893 20033 tiny 1
20085 20197 medium 0
20223 20326 tiny 1
20377 20504 small 0
20554 20692 tiny 1
20588 20673 small 0
20688 20863 medium 1
20730 20864 tiny 0
21356 21465 small 0
21586 21668 small 0
22041 22267 small 0
22150 22270 small 1
22155 22303 tiny 1
22512 22762 medium 0
22597 22880 small 0
22879 22983 medium 1
23008 23153 small 1
23036 23072 tiny 1
23255 23386 small 1
23374 23460 small 0
23448 23576 medium 0
23610 23703 small 0
23848 23912 small 0
23931 24059 medium 0
24181 24271 small 1
24211 24348 small 0
24328 24439 medium 1
24536 24696 tiny 1
24636 24786 medium 1
24701 25047 small 0
25528 25641 medium 0
25725 26000 small 0
25835 26033 small 1
25981 26124 tiny 1
26267 26342 tiny 1
26559 26724 medium 1
26719 26841 small 0
26731 26810 tiny 1
26802 26964 medium 1
28127 28295 small 0
28284 28419 medium 1
28291 28352 medium 0
28388 28497 tiny 1
28857 28984 tiny 0
28870 29019 medium 1
29386 29502 medium 1
29713 29855 tiny 1
29965 30038 small 0
30051 30219 medium 0
30120 30186 medium 1
30214 30317 tiny 1
30275 30455 medium 1
30412 30520 small 1
30695 30823 medium 1
30931 30999 medium 1
30995 31184 tiny 1
30997 31131 medium 0
31165 31238 small 0
31254 31417 medium 1
31531 31659 small 0
31636 31758 tiny 1
31789 32006 small 0
32126 32373 small 0
32255 32351 small 1
32512 32570 medium 0
32581 32730 small 1
33035 33232 small 0
33299 33454 medium 1
33469 33520 small 0
33535 33672 medium 0
33576 33673 tiny 0
33772 33921 small 0
33782 33958 tiny 1
34008 34167 small 0
34116 34295 medium 0
34904 34995 medium 1
34979 35224 medium 0
35097 35320 medium 1
35145 35264 small 1
35253 35384 small 0
35607 35752 medium 1
35610 35801 small 0
35621 35714 medium 0
35974 36048 small 0
36210 36330 medium 1
36219 36445 small 0
36399 36514 tiny 1
36939 36994 small 0
37072 37264 small 1
37238 37635 medium 1
37285 37431 medium 0
37315 37411 small 0
37882 37963 medium 0
38434 38568 medium 1
38491 38590 tiny 1
38620 38718 small 0
38748 38824 medium 1
38757 38831 tiny 1
38860 38922 small 0
39071 39311 tiny 1
39118 39176 medium 1
39207 39309 small 0
39328 39454 medium 0
39331 39442 small 1
39651 39826 medium 0
39767 39912 tiny 0
39812 39897 small 1
39929 40035 small 0
39952 40041 medium 1
40187 40311 medium 1
40256 40364 tiny 1
40477 40614 small 0
40492 40618 tiny 1
40596 40724 medium 0
40869 40951 small 1
41150 41241 tiny 1
41204 41335 medium 0
41330 41507 small 0
41376 41488 medium 1
41583 41737 small 1
41594 41740 medium 0
41635 41677 small 0
41946 42070 medium 1
42095 42232 small 0
42276 42426 small 1
42427 42591 small 0
42467 42523 medium 0
42921 42999 small 0
43072 43154 tiny 1
43117 43252 small 1
43280 43424 medium 0
43297 43370 small 0
43531 43620 tiny 1
43787 43893 small 1
44015 44078 tiny 1
44091 44208 small 0
44113 44315 medium 1
44577 44734 medium 1
44708 44855 small 0
44807 44938 small 1
44841 45084 medium 1
45571 45685 medium 0
45824 45953 small 0
46075 46120 tiny 0
46866 46967 tiny 1
47077 47242 medium 0
47242 47385 tiny 1
47500 47836 small 0
47568 47704 medium 1
47625 47678 medium 0
47862 48087 medium 0
47987 48072 medium 1
48179 48293 small 1
48326 48417 small 0
48442 48587 medium 0
48673 48804 tiny 1
48753 48901 medium 0
48756 48904 small 0
48773 48913 medium 1
49263 49383 medium 0
49270 49411 small 0
49522 49785 small 0
49860 49960 small 1
49974 50152 medium 0
50328 50480 small 1
50349 50495 tiny 1
50514 50585 small 0
51051 51209 small 1
51400 51710 small 0
51814 51951 tiny 0
51951 52059 tiny 1
52013 52181 small 0
52295 52536 tiny 1
52484 52671 medium 1
53016 53156 small 0
53375 53562 small 0
53392 53450 medium 1
53482 53563 tiny 1
53688 53816 tiny 1
53717 53848 medium 0
53946 54096 medium 0
54038 54204 tiny 0
54286 54474 medium 1
54436 54550 medium 0
54687 54753 small 0
55199 55263 small 0
55301 55434 tiny 0
55311 55386 medium 0
55733 55915 small 0
56004 56105 tiny 1
56335 56600 tiny 0
56806 56912 medium 1
56979 57058 small 1
57112 57201 tiny 0
57336 57401 medium 0
57420 57563 small 1
57540 57667 small 0
57555 57686 tiny 1
57884 58078 small 1
57900 58073 tiny 0
57920 58055 tiny 1
58127 58260 medium 0
58194 58367 tiny 1
58390 58603 small 0
58619 58790 medium 1
58735 58873 medium 0
58737 58883 tiny 1
58859 58970 medium 1
59086 59252 medium 0
59252 59396 tiny 1
59255 59360 small 1
59582 59756 small 0
60040 60237 medium 0
60452 60546 tiny 1
60930 61053 small 0
61255 61511 small 0
61380 61484 small 1
61872 61965 medium 1
61903 62024 tiny 1
62582 62703 tiny 1
62794 62971 medium 0
62866 62951 small 0
63331 63441 tiny 1
63397 63562 medium 0
63711 63907 small 0
63944 64010 tiny 0
63949 64074 medium 1
64176 64306 tiny 1
64378 64504 tiny 1
64668 64777 small 1
64857 65024 small 0
65023 65094 medium 1
65225 65335 medium 1
65438 65606 medium 0
65438 65610 medium 1
65743 65803 small 0
66193 66342 small 0
66338 66567 medium 1
66687 66819 tiny 1
66874 67051 medium 1
67006 67197 small 1
67533 67608 small 0
67891 68002 tiny 0
67998 68084 small 0
68020 68127 medium 1
68082 68274 tiny 1
68110 68265 medium 0
68205 68312 medium 1
68508 68555 medium 1
68558 68684 small 0
68596 68690 small 1
68856 68959 medium 0
69212 69339 medium 1
69416 69585 medium 1
69592 69636 tiny 1
69648 69756 small 0
69905 70019 small 1
70114 70262 tiny 0
70131 70251 small 1
70174 70248 medium 1
70526 70659 medium 1
70736 70847 small 0
70959 71153 medium 1
70970 71136 medium 0
71211 71473 medium 0
71500 71724 small 0
71826 71965 medium 0
71999 72075 tiny 1
72098 72297 medium 1
72205 72289 small 0
72436 72692 small 0
72634 72786 small 1
72672 72793 tiny 1
72767 72951 small 0
72898 72999 small 1
72947 73166 medium 1
73253 73387 medium 1
73627 73750 small 0
74608 74704 medium 1
75308 75446 small 1
75350 75458 tiny 1
76010 76141 small 1
76030 76152 medium 1
76504 76612 small 0
76663 76794 medium 1
76798 76888 medium 0
77009 77094 small 0
77560 77722 medium 1
77754 77807 small 1
77809 77961 tiny 1
77828 78332 small 0
78032 78212 small 1
78087 78206 medium 1
78157 78325 medium 0
78235 78292 tiny 1
78531 78678 medium 1
78593 78686 tiny 1
78826 79197 small 0
79306 79378 small 0
79386 79478 medium 1
79437 79524 tiny 1
79515 79598 small 1
79596 79781 medium 0
79780 79856 small 0
80215 80315 small 0
80222 80317 medium 1
80867 80943 medium 1
80951 81061 small 0
81169 81326 small 0
81220 81339 tiny 1
81907 82033 small 0
81931 82018 medium 1
82162 82433 small 0
82642 82834 medium 1
82905 82965 small 0
83146 83227 medium 1
83435 83585 small 1
83616 83723 medium 1
83683 83820 small 0
83975 84081 medium 1
84237 84333 medium 1
85007 85188 tiny 1
85046 85258 small 0
