#base_trace: g5k06, config_file: configs/scheduling/personal-config13.xml, total_servers: 12, total_time: 86400, time_dist_mean: 2.450000, time_dist_stdev: 0.640000, node_dist_mean: 2.140000, node_dist_stdev: 1.180000
39 165 small 2
114 172 tiny 0
176 350 medium 0
273 441 small 0
335 477 tiny 0
442 592 medium 0
575 774 tiny 2
577 692 small 2
824 917 tiny 0
913 1264 small 2
1001 1276 medium 1
1028 1492 tiny 0
1119 1310 tiny 4
1164 1306 tiny 2
1260 1434 small 0
1427 1507 tiny 3
1522 1738 small 2
1550 1608 small 0
1641 1781 tiny 0
1832 2138 small 2
2028 2256 small 0
2368 2445 small 0
2397 2488 tiny 0
2399 2621 medium 1
2489 2561 small 1
2616 2747 tiny 0
2717 2934 small 2
2733 2985 small 0
2994 3035 tiny 0
3342 3420 small 2
3516 3718 tiny 0
3598 3718 small 2
3821 4052 tiny 0
4003 4137 small 0
4256 4380 tiny 0
4292 4360 small 0
4531 4596 medium 1
4627 4744 small 2
4660 4759 medium 0
4745 4881 tiny 0
4834 5005 small 0
5111 5337 small 2
5338 5486 tiny 4
5355 5446 tiny 2
5473 5619 small 2
5625 6194 tiny 0
5683 5812 small 2
6357 6536 small 0
6519 6708 small 1
6561 6677 tiny 2
6590 6656 tiny 0
6685 6906 small 0
6803 6902 tiny 0
6910 7041 tiny 2
7189 7396 tiny 0
7236 7417 tiny 4
7249 7380 small 2
7251 7415 tiny 2
7645 7981 tiny 0
7738 7888 medium 1
7790 7904 small 0
8031 8148 small 2
8093 8566 tiny 0
8517 8574 tiny 2
8562 8720 tiny 1
8742 8833 small 2
8748 8827 tiny 0
9213 9330 small 0
9335 9469 small 2
9436 9559 tiny 1
9549 9646 tiny 0
9667 9791 small 2
9890 10264 tiny 0
9901 10046 small 2
10164 10311 small 2
10303 10404 medium 1
10435 10524 small 2
10593 10729 small 0
10665 10793 tiny 0
10856 10979 small 0
10920 10995 tiny 0
10957 11151 medium 1
10989 11111 small 2
11137 11262 tiny 0
11193 11315 small 0
11355 11597 tiny 0
11366 11516 small 2
11725 11800 tiny 3
11751 11941 small 0
11755 11822 tiny 2
11836 11979 tiny 0
11840 11963 small 2
11928 12071 small 1
12086 12327 tiny 0
12116 12213 small 2
12239 12318 small 0
12400 13127 tiny 0
12538 12684 small 0
12695 12786 small 2
12765 12911 tiny 2
12830 12892 tiny 4
12938 13007 small 2
13079 13168 medium 1
13310 13438 tiny 0
13434 13549 small 2
13492 13632 tiny 0
13594 13793 small 0
13610 13725 tiny 1
13742 13840 tiny 0
14038 14133 tiny 0
14209 14690 tiny 0
14328 14441 small 2
14740 14855 small 0
15109 15223 tiny 0
15118 15158 small 2
15187 15346 tiny 4
15229 15425 tiny 2
15338 15458 small 2
15447 15515 tiny 0
15540 15672 small 2
15907 16033 small 2
15955 15993 tiny 2
16014 16135 small 1
16178 16643 tiny 0
16244 16366 tiny 2
16292 16513 small 2
16312 16361 tiny 4
16848 17002 tiny 0
16985 17072 tiny 2
16998 17128 small 0
17096 17273 tiny 0
17278 17394 tiny 1
17381 17756 small 0
17439 17552 tiny 0
17561 17694 small 2
17737 17820 tiny 0
17989 18080 medium 0
18317 18462 small 0
18920 19558 tiny 0
19021 19153 small 0
19022 19154 tiny 5
19047 19182 small 3
19484 19661 small 2
19668 19791 tiny 0
19789 19896 medium 1
19887 20000 small 2
19907 20033 small 0
20080 20228 tiny 5
20087 20257 small 3
20105 20516 tiny 0
20432 20572 small 2
20510 20616 small 0
20571 20711 tiny 4
20636 20731 tiny 2
20800 20933 tiny 0
20820 20978 tiny 2
20832 20945 tiny 4
21077 21202 small 0
21078 21199 small 2
21334 21420 tiny 0
21563 21673 small 2
21568 21698 tiny 4
21587 21701 tiny 2
21696 21755 tiny 0
21753 21910 tiny 2
21797 21917 tiny 4
22129 22413 tiny 0
22494 22595 small 2
22876 22964 tiny 0
23009 23094 tiny 2
23131 23202 tiny 0
23368 23431 small 2
23398 23457 tiny 0
23445 23718 small 0
24053 24179 small 2
24341 24407 small 0
24449 24526 small 2
24587 24680 small 0
24768 25273 tiny 0
24772 25035 small 0
24997 25196 tiny 1
25420 25516 medium 1
25593 25768 tiny 1
25616 25736 medium 1
25649 25841 tiny 0
25672 25797 small 0
25729 25863 small 2
25745 25915 tiny 2
25759 25864 tiny 4
26023 26152 tiny 0
26196 26488 tiny 0
26701 26860 tiny 3
26815 26995 small 2
26875 27101 tiny 0
27154 27289 small 0
27238 27651 tiny 0
27299 27448 tiny 4
27320 27441 tiny 2
27683 27756 small 0
27710 27780 small 2
27821 27923 tiny 0
27896 28058 tiny 2
28149 28234 small 2
28175 28296 medium 1
28191 28239 small 0
28381 28474 tiny 1
28431 28484 tiny 0
28490 28651 tiny 4
28497 28611 tiny 2
28640 28799 tiny 0
28759 28846 small 0
28784 28906 small 2
28846 28951 tiny 0
29079 29390 tiny 0
29709 29861 tiny 1
29743 29914 tiny 0
29838 29970 small 2
29866 29930 medium 1
29978 30059 small 0
30062 30418 tiny 0
30109 30209 small 2
30433 30555 small 2
30470 30534 small 0
30473 30558 tiny 1
30528 30632 tiny 0
30567 30656 small 3
30598 30650 tiny 5
30754 30891 tiny 2
31011 31186 small 3
31031 31192 tiny 0
31718 31865 tiny 0
31986 32113 tiny 0
32013 32138 small 3
32030 32090 small 0
32102 32274 tiny 2
32357 32688 tiny 0
32378 32495 small 0
32451 32593 small 2
32555 32681 tiny 4
32613 32690 tiny 2
32752 32824 small 0
32827 33201 tiny 0
32955 33075 small 2
33051 33187 small 0
33319 33426 tiny 3
33335 33522 small 0
33341 33584 small 2
33716 33773 small 0
33827 34238 tiny 0
34177 34233 small 2
34259 34400 small 0
34265 34382 tiny 1
34381 34505 tiny 2
34383 34522 tiny 0
34424 34533 small 1
34496 34649 medium 0
34664 34759 small 0
34956 35113 small 0
35030 35322 small 2
35100 35510 tiny 0
35347 35500 medium 0
35576 35745 small 0
35640 35691 tiny 2
35686 36050 tiny 0
36462 36709 small 2
36463 36552 tiny 0
36670 36827 small 0
37152 37269 small 2
37162 37242 tiny 2
37170 37262 tiny 4
37318 37415 tiny 0
37597 37768 small 2
37874 38023 tiny 0
37912 38078 small 0
38126 38914 tiny 0
38132 38212 tiny 1
38145 38199 tiny 5
38159 38235 small 3
38361 38437 small 2
38517 38568 small 0
38625 38732 medium 1
39100 39226 medium 0
39348 39454 tiny 0
39533 39655 tiny 2
39534 39672 small 0
39543 39942 tiny 0
39797 39950 small 0
39903 40030 small 2
40035 40280 tiny 0
40042 40139 tiny 2
40268 40419 small 2
40393 40739 tiny 0
40635 40798 small 2
40839 41119 tiny 1
40915 41027 tiny 0
41137 41204 small 0
41263 41351 tiny 0
41345 41551 small 2
41552 41700 medium 1
41562 41713 small 0
41578 41729 tiny 5
41624 41688 tiny 0
41624 41681 small 3
41674 41828 tiny 2
41707 41857 tiny 4
41848 41912 small 0
41850 41933 small 2
41980 42068 tiny 0
42177 42349 tiny 0
42309 42469 small 2
42458 42663 tiny 0
42686 42804 small 0
42799 43312 tiny 0
43054 43140 medium 1
43157 43506 small 2
43382 43478 tiny 0
43604 43717 tiny 0
43841 43951 small 2
43848 43958 small 0
44257 44390 small 0
44264 44464 tiny 0
44392 44630 small 2
44705 44799 tiny 1
44746 44826 small 2
44871 44949 tiny 0
45068 45196 tiny 0
45212 45335 small 2
45559 45672 small 2
45592 45797 tiny 0
45661 45755 small 0
46019 46266 tiny 0
46242 46355 tiny 2
46271 46356 small 1
46391 46551 small 0
46478 46780 tiny 0
46773 46853 tiny 3
46863 47039 small 2
46896 46952 tiny 0
46917 46984 tiny 1
47005 47115 small 0
47130 47228 small 2
47148 47263 medium 1
47347 47477 tiny 0
47347 47450 small 2
47572 47757 tiny 0
47825 47989 small 0
47956 48217 small 2
48074 48218 tiny 0
48169 48350 tiny 3
48429 48570 small 2
48648 48791 medium 0
48667 48819 tiny 0
48902 49063 small 0
48929 49004 tiny 0
49136 49290 small 2
49155 49231 small 0
49311 49606 tiny 0
49432 49609 small 0
49889 50129 small 2
50076 50204 small 3
50096 50236 tiny 5
50127 50357 tiny 2
50145 50279 tiny 0
50214 50351 tiny 4
50335 50615 tiny 0
50678 50791 tiny 2
50689 50872 small 0
51038 51998 tiny 0
51091 51192 small 0
51190 51276 small 2
51584 51787 small 0
52240 52655 tiny 0
52385 52553 small 0
52735 52854 tiny 0
52793 52907 small 2
52889 52951 small 0
53125 53244 medium 1
53155 53229 small 2
53192 53399 tiny 1
53212 53366 tiny 2
53225 53315 tiny 4
53254 53312 small 0
53333 53446 tiny 0
53335 53435 small 2
53486 53608 small 0
53680 53822 small 0
53843 53955 tiny 2
53862 53938 tiny 0
53876 53934 tiny 4
54082 54468 tiny 0
54206 54448 small 3
54233 54440 tiny 5
54234 54306 medium 0
54276 54422 tiny 4
54284 54468 tiny 2
54528 54713 small 2
54560 54669 small 0
54577 54953 tiny 2
54587 54995 tiny 0
54588 54716 tiny 4
54771 54878 tiny 4
54787 55079 small 0
54814 54940 small 2
55289 55733 tiny 0
55621 55744 small 2
55742 56018 small 0
55876 56028 small 2
55991 56082 tiny 1
56223 56334 medium 1
56227 56351 small 1
56243 56388 tiny 0
56572 56796 tiny 0
56574 56713 small 0
56946 57204 small 0
56968 57184 tiny 0
56968 57041 small 3
57205 57565 small 2
57324 57393 tiny 0
57679 57772 tiny 0
57778 57949 small 0
57926 58112 small 2
58197 58360 tiny 0
58492 58608 small 3
58493 58611 tiny 0
58549 58605 tiny 5
58786 58859 tiny 0
59438 59612 tiny 0
59798 59955 medium 0
59983 60279 tiny 0
60200 60355 tiny 1
60359 60478 medium 0
60477 60941 tiny 0
60543 60648 small 0
60597 60711 tiny 3
60993 61395 tiny 0
60995 61299 small 2
61067 61138 small 0
61269 61387 medium 1
61481 61621 tiny 0
61722 61855 small 0
61745 62035 tiny 0
62107 62259 tiny 0
62261 62393 small 0
62397 62495 tiny 0
62400 62456 small 2
62576 62708 small 2
63089 63167 tiny 0
63212 63352 small 0
63237 63320 small 2
63342 63514 tiny 0
63539 63667 medium 0
63587 63663 small 2
63588 63705 tiny 2
63780 64242 tiny 0
63838 64135 small 2
63902 64046 medium 0
63926 63998 small 0
64181 64295 small 3
64187 64291 tiny 5
64358 64787 tiny 0
64389 64648 small 2
64865 65021 tiny 0
65131 65211 medium 1
65376 65605 tiny 0
65588 65709 tiny 4
65629 65720 tiny 2
65804 65943 small 2
65861 66058 tiny 0
66213 66466 tiny 0
66234 66299 small 0
66554 66702 tiny 4
66583 66716 tiny 2
67112 67274 tiny 0
67534 67662 tiny 2
67654 67774 tiny 0
67713 67896 medium 1
67785 67866 small 2
67954 68079 small 3
67955 68495 tiny 0
68001 68088 tiny 5
68027 68119 small 0
68087 68192 small 2
68758 68875 small 0
68928 69054 tiny 2
68929 69097 tiny 4
68931 69524 tiny 0
68975 69086 tiny 3
69170 69356 tiny 5
69218 69302 small 3
69638 69782 tiny 0
69639 69927 small 2
69790 69916 tiny 1
69951 70015 small 0
69951 70020 small 1
70001 70490 tiny 0
70183 70267 small 2
70311 70417 medium 1
70473 70596 small 2
70626 70757 medium 1
70875 71032 medium 1
71083 71316 tiny 0
71084 71315 small 0
71133 71207 tiny 2
71480 71574 tiny 2
71516 71620 tiny 0
71554 71716 medium 1
71672 71977 tiny 0
71815 71932 small 0
71915 72184 small 2
72202 72300 tiny 0
72448 72546 tiny 0
72464 72557 small 0
72716 72751 tiny 0
73008 73148 tiny 0
73010 73177 medium 1
73150 73387 small 2
73175 73249 small 0
73527 74157 tiny 0
73669 73952 small 0
73719 73895 tiny 4
73757 73882 tiny 2
74025 74089 medium 0
74377 74437 tiny 0
74441 74587 tiny 1
74591 74705 tiny 2
74618 74681 medium 0
74723 74977 tiny 0
74947 75072 small 2
75180 75513 tiny 0
75227 75358 small 0
75407 75524 small 2
75531 75670 small 0
75673 75783 tiny 0
75778 75878 small 0
76059 76150 tiny 0
76250 76366 tiny 1
76277 76402 tiny 0
76277 76391 small 2
76285 76358 tiny 5
76293 76386 small 3
76542 76624 tiny 0
76656 77025 small 0
76832 77021 medium 1
76861 76993 small 2
77143 77273 tiny 0
77157 77242 medium 1
77569 78076 tiny 0
77673 77805 small 0
77739 77926 small 2
77874 77917 small 3
77879 77997 tiny 5
78084 78194 small 2
78099 78207 small 0
78293 78455 medium 1
78312 78476 tiny 0
78560 78661 tiny 3
78590 78700 medium 0
78593 78834 medium 1
78762 78906 tiny 4
78786 78877 tiny 2
78873 78993 tiny 0
79013 79171 small 0
79130 79307 small 3
79138 79288 tiny 0
79195 79239 tiny 5
79260 79358 small 1
79265 79371 tiny 1
79368 79559 tiny 0
79535 79666 small 0
79543 79659 medium 1
79665 79773 tiny 1
79770 79842 tiny 0
79780 79848 medium 0
79846 79989 tiny 3
79989 80074 tiny 0
80345 80460 tiny 4
80371 80450 tiny 2
80519 80590 small 0
80800 80925 tiny 0
80983 81229 small 0
81042 81309 tiny 0
81312 81392 small 2
81317 81427 medium 1
81336 81475 small 0
81346 81470 tiny 2
81643 81804 small 2
81715 81817 small 0
82171 82269 tiny 0
82243 82428 medium 1
82244 82654 small 2
82421 82530 small 1
82611 82789 tiny 0
82903 83157 tiny 0
83089 83235 small 0
83259 83317 small 2
83319 83446 tiny 4
83341 83459 tiny 0
83364 83468 tiny 2
83579 83682 tiny 0
83617 83745 small 2
83827 83976 tiny 2
83831 84468 tiny 0
83975 84057 small 2
84152 84433 small 2
84513 84810 small 0
84516 84808 tiny 0
84521 84635 small 2
85026 85276 tiny 0
85068 85279 small 2
85355 85550 tiny 2
85383 85507 tiny 0
85730 85831 small 2
85738 86009 tiny 0
85856 85973 tiny 1
85988 86151 tiny 2
86110 86239 medium 1
86197 86332 tiny 0
86353 86488 small 0
86468 86593 tiny 0
86737 86816 tiny 2
86816 86920 medium 1
86944 87443 tiny 0
86980 87065 small 2
87166 87296 small 2
87174 87354 tiny 1
87812 87898 small 0
88010 88279 tiny 2
88010 88275 tiny 4
88038 88130 tiny 0
88045 88274 small 2
88277 88527 tiny 0
88528 88649 small 0
88637 88721 small 2
89010 89086 tiny 0
89239 89315 medium 1
89251 89320 small 2
89605 89869 small 2
89678 89988 tiny 0
89739 89874 small 0
89952 90079 medium 0
90037 90447 tiny 0
90079 90185 tiny 1
90276 90410 tiny 1
90590 90794 small 2
90805 91026 tiny 0
90818 91154 small 0
91035 91180 small 2
91279 91404 tiny 4
91320 91432 tiny 2
91601 91727 tiny 2
92210 92399 small 2
92240 92343 tiny 3
92267 92348 medium 1
92374 92490 tiny 0
92501 92597 small 0
92508 92613 small 2
92827 92937 small 0
92838 92924 tiny 0
93106 93442 small 2
93200 93420 tiny 0
93223 93359 medium 1
93316 93411 tiny 5
93345 93464 small 3
93473 93546 small 0
93699 93924 small 2
93715 93800 tiny 2
93921 94052 tiny 0
94123 94273 tiny 2
94285 94432 tiny 0
94304 94406 small 2
94319 94407 small 0
94530 94650 small 2
94631 94764 tiny 5
94668 94889 tiny 0
94672 94782 small 3
95086 95268 small 2
95094 95396 small 0
95454 95598 tiny 4
95460 95970 tiny 0
95505 95586 tiny 2
95590 95724 small 3
95593 95718 tiny 5
95626 95676 small 0
96070 96212 small 2
96232 97056 tiny 0
96344 96415 tiny 2
96445 96538 small 0
96458 96638 medium 0
96694 96754 medium 1
97060 97136 small 0
97125 97255 tiny 0
97233 97382 small 2
97358 97530 tiny 0
97424 97535 small 0
97558 97623 small 2
97996 98483 tiny 0
98005 98092 small 2
98557 98871 tiny 0
98867 98980 medium 0
98958 99110 tiny 0
99221 99323 tiny 0
99470 99512 tiny 3
99559 99883 tiny 0
100297 100372 tiny 0
100422 100555 tiny 2
100522 100592 tiny 0
100650 100776 medium 1
100845 101201 tiny 0
100961 101112 tiny 2
100973 101193 small 2
101586 101682 tiny 1
101823 101973 tiny 0
102041 102226 small 2
102201 102326 medium 1
102202 102334 tiny 0
102353 102457 small 2
102425 102549 tiny 0
102520 102666 small 2
102554 102659 medium 1
102699 102819 tiny 1
102785 102933 tiny 0
102822 102945 small 0
102887 103075 tiny 2
103001 103136 tiny 0
103012 103153 tiny 1
103146 103254 small 0
103368 103591 tiny 0
103384 103539 tiny 2
103399 103498 small 2
103424 103505 tiny 4
103881 103974 tiny 0
103965 104159 tiny 1
104132 104263 tiny 0
104366 104475 tiny 0
104587 104946 small 2
104807 104928 medium 1
104813 104917 small 0
104929 105088 small 1
105061 105229 small 0
105576 105642 tiny 0
105787 106014 tiny 0
106155 106306 small 0
106180 106319 small 2
106274 106412 tiny 0
106312 106387 medium 1
106665 106731 small 0
106748 106850 tiny 0
106842 106997 tiny 2
107137 107237 small 2
107258 107333 medium 0
107365 107479 small 2
107679 107943 small 0
107972 108118 tiny 0
108293 108465 tiny 0
108348 108394 tiny 3
108405 108512 small 2
108828 108902 tiny 0
109001 109184 tiny 3
109059 109154 small 0
109258 109487 tiny 0
109785 109890 tiny 0
109798 109837 small 2
109868 110010 small 0
110248 110325 small 2
110271 110324 small 0
110434 110590 tiny 5
110481 110587 small 3
110486 110569 tiny 0
110619 110707 small 2
110797 110924 small 0
110825 111073 tiny 0
110958 111074 small 2
111054 111165 tiny 2
111062 111219 tiny 4
111229 111328 small 0
111293 111419 tiny 0
111439 111641 small 2
111598 111672 small 0
111773 111920 tiny 0
111795 111939 small 2
111957 112057 small 0
112022 112553 tiny 0
112745 112915 tiny 0
112794 112903 medium 1
113237 113380 small 0
113354 113484 tiny 1
113445 113604 small 2
113464 113586 tiny 3
113825 113916 small 2
113829 113970 tiny 2
113849 113946 tiny 4
114063 114192 small 2
114278 114591 tiny 2
114291 114568 small 2
114469 114534 tiny 4
114593 114650 tiny 3
114772 114996 small 0
115055 115114 tiny 2
115250 115414 tiny 2
115384 115646 small 0
115623 115776 medium 1
115728 115839 tiny 0
115744 115839 tiny 4
115774 115836 tiny 2
116119 116344 small 2
116676 116817 small 2
116679 116845 small 0
116799 117443 tiny 0
117281 117558 tiny 4
117330 117568 tiny 2
117664 117921 tiny 0
117763 118039 small 2
117902 118068 medium 1
118032 118147 small 0
118283 118536 small 2
118474 118757 tiny 0
118617 118741 tiny 4
118647 118781 tiny 2
118652 118773 small 1
118875 119154 small 0
118879 119134 tiny 0
118961 119082 small 3
119019 119124 tiny 5
119084 119233 medium 1
119121 119237 tiny 3
119507 119594 small 2
119575 119718 tiny 0
119595 119700 medium 1
119957 120082 small 2
119990 120070 tiny 2
120201 120281 tiny 0
120201 120351 small 2
120409 120572 tiny 2
120458 120517 small 2
120634 120797 medium 1
120659 120752 small 2
120709 120820 tiny 1
120900 121037 medium 0
121048 121186 tiny 0
121357 121512 tiny 0
121473 121597 small 0
121630 121738 medium 1
121998 122109 tiny 0
122034 122080 small 0
122349 122489 tiny 0
122568 122732 small 0
122834 122977 tiny 2
122872 123090 tiny 0
123083 123154 medium 1
123303 123422 small 0
123358 123471 tiny 0
124012 124259 tiny 0
124018 124183 tiny 5
124027 124140 tiny 2
124039 124312 small 3
124242 124493 small 0
124425 124743 tiny 0
124500 124666 small 2
124515 124602 medium 1
125794 125979 tiny 0
126323 126465 small 1
126437 126593 small 0
126646 126904 small 0
126673 126761 tiny 0
126711 126801 small 2
126874 127008 medium 1
126903 127042 tiny 0
127150 127265 tiny 0
127523 127603 small 0
127601 127797 tiny 0
127908 127984 tiny 0
128274 128350 medium 1
128277 128340 tiny 2
128338 128458 tiny 1
128455 128708 tiny 0
128457 128558 tiny 2
128676 128827 tiny 1
128845 128959 small 0
129174 129351 tiny 0
129536 129658 tiny 0
