#base_trace: g5k06, config_file: configs/scheduling/personal-config09.xml, total_servers: 9, total_time: 86400, time_dist_mean: 2.450000, time_dist_stdev: 0.640000, node_dist_mean: 2.140000, node_dist_stdev: 1.180000
0 57 tiny 0
0 34 medium 1
193 335 tiny 0
454 677 tiny 0
526 714 small 0
549 695 tiny 1
707 763 tiny 2
755 944 tiny 0
1036 1638 tiny 0
1040 1184 tiny 2
1055 1131 tiny 1
1679 1723 tiny 1
1846 1952 small 0
1862 2038 tiny 0
1955 2141 small 2
2011 2125 tiny 2
2199 2674 tiny 0
2347 2459 tiny 1
2508 2614 medium 1
2712 2838 small 2
2851 3070 tiny 0
2977 3054 tiny 1
3156 3327 small 2
3157 3322 tiny 2
3170 3306 tiny 1
3237 3311 tiny 0
3431 4391 tiny 0
3538 3633 small 1
3539 3710 small 0
3543 3702 medium 1
3560 3669 tiny 1
3600 3675 medium 0
3915 4040 medium 1
4139 4250 small 0
4305 4358 tiny 2
4426 4490 tiny 1
4496 4604 tiny 0
4625 4741 small 1
4633 4739 medium 1
4732 5098 tiny 0
4837 5021 tiny 1
5232 5325 small 0
5233 5353 tiny 1
5270 5601 tiny 0
5500 5627 small 1
5515 5627 medium 1
5972 6067 small 2
6116 6303 tiny 1
6349 6474 small 0
6352 6434 tiny 0
6571 6660 tiny 0
6582 6687 tiny 2
6677 6829 small 2
7175 7238 tiny 0
7402 7547 tiny 2
7518 7638 small 1
7543 7631 medium 1
7746 7847 tiny 0
7833 7981 tiny 2
8103 8223 tiny 2
8234 8382 small 1
8242 8385 tiny 0
8264 8328 medium 1
8370 8456 small 2
8593 8724 tiny 0
9053 9178 small 1
9069 9215 tiny 0
9100 9188 medium 1
9240 9287 small 2
9297 9469 medium 1
9311 9444 small 1
9351 9579 tiny 0
9463 9534 small 0
9534 9712 tiny 2
9695 9816 tiny 0
9770 9876 small 1
9782 9953 medium 2
9817 9942 medium 0
9818 9903 medium 1
9922 10003 tiny 0
10248 10376 tiny 0
10279 10432 medium 1
10862 10958 medium 1
10865 11035 medium 2
10875 10997 medium 0
10877 10985 small 1
10884 11105 tiny 0
10997 11128 tiny 2
11137 11234 tiny 1
11226 11376 tiny 2
11324 11437 medium 1
11355 11486 tiny 0
11585 11695 small 0
11600 11855 tiny 0
11716 11830 tiny 2
11725 11851 small 2
11856 11945 small 1
11864 11944 medium 1
12111 12189 medium 1
12114 12167 tiny 0
12222 12345 tiny 1
12638 12810 small 0
12657 12803 tiny 0
13405 13518 small 2
13652 13796 tiny 0
13748 13876 medium 1
14132 14826 tiny 0
14251 14338 tiny 1
14455 14593 small 1
14498 14607 small 0
14512 14597 medium 1
14638 14740 small 2
14674 14851 small 0
14751 14826 tiny 2
14990 15038 tiny 1
15103 15224 tiny 0
15234 15343 small 2
15302 15423 tiny 0
15336 15401 tiny 2
15340 15447 small 0
15527 15660 tiny 2
15648 15759 medium 2
15659 15786 medium 1
15676 15819 medium 0
15683 15791 small 1
15691 15921 tiny 0
15922 15995 tiny 1
16056 16546 tiny 0
16067 16131 small 2
16118 16300 medium 1
16125 16352 small 0
16167 16262 small 1
16285 16421 small 2
16517 16677 small 1
16536 16592 medium 1
16618 16744 tiny 0
16839 17003 medium 2
16867 16997 medium 1
16886 17007 medium 0
16887 17379 tiny 0
16908 16960 small 1
16993 17155 small 2
17095 17233 tiny 2
17268 17315 small 0
17391 17457 small 2
17446 17612 tiny 2
17555 17685 small 1
17572 17757 medium 1
17962 18056 tiny 1
18062 18234 small 2
18402 18714 tiny 0
18417 18538 tiny 1
18952 19356 tiny 0
19240 19437 tiny 2
19292 19419 small 0
19427 19541 small 2
19474 19651 tiny 2
19559 19635 tiny 0
19752 19873 tiny 0
20030 20138 tiny 0
20197 20362 tiny 2
20209 20361 tiny 0
20230 20350 tiny 1
20515 20812 tiny 0
20576 20745 small 0
20608 20753 tiny 1
20714 20858 medium 1
20947 21219 medium 1
21111 21188 small 1
21353 21446 tiny 0
21433 21591 small 2
21455 21586 tiny 1
21574 21768 small 0
21597 21804 tiny 0
21781 21871 tiny 1
22120 22247 medium 0
22144 22281 medium 2
22156 22268 small 1
22166 22299 small 0
22169 22244 medium 1
22180 22419 tiny 0
22368 22484 small 2
22607 22788 tiny 0
22671 22726 medium 1
22718 22886 tiny 2
22911 23146 tiny 0
22959 23153 small 0
23230 23584 tiny 0
23258 23337 small 0
23350 23505 tiny 2
23507 23606 small 0
23558 23711 small 2
23733 23954 tiny 0
23856 23959 tiny 2
23914 24153 small 1
23914 24077 medium 2
23985 24239 medium 1
23990 24118 medium 0
24099 24157 tiny 0
24414 24709 tiny 0
24533 24667 small 0
24655 24815 medium 1
24878 24998 medium 1
24928 25024 small 0
24940 25485 tiny 0
24942 25055 small 2
24957 25036 small 1
24995 25193 tiny 1
25130 25296 tiny 2
25480 25655 medium 1
25491 25633 tiny 2
25492 25632 medium 0
25519 25654 medium 2
25546 25676 small 1
25676 25755 tiny 0
25852 25960 tiny 1
25869 26445 tiny 0
25990 26112 small 0
25995 26118 small 2
26383 26514 small 0
26491 26559 small 2
26575 26694 medium 1
26575 26718 medium 2
26582 26680 medium 0
26603 26674 small 1
26639 26938 tiny 0
26706 26845 tiny 2
26811 26934 small 2
27113 27594 tiny 0
27280 27562 small 0
27545 27835 small 2
27893 28006 medium 1
27922 28060 small 1
27927 28165 tiny 0
28047 28166 small 0
28175 28271 tiny 1
28183 28258 small 2
28435 28639 tiny 0
28491 28638 small 0
28621 28770 tiny 1
28733 28911 tiny 0
28746 28838 small 0
28798 28888 tiny 2
29020 29129 small 2
29081 29264 small 1
29142 29218 medium 1
29265 29384 tiny 1
29362 29628 medium 1
29394 29483 small 1
29752 29824 tiny 1
29811 29995 small 1
29841 29921 medium 2
29867 29915 medium 1
29878 29973 medium 0
30038 30200 small 1
30089 30173 medium 1
30231 30339 tiny 0
30320 30402 small 2
30331 30442 tiny 1
30789 30877 tiny 0
31022 31117 small 0
31026 31237 tiny 0
31052 31137 tiny 1
31130 31298 small 2
31269 31351 tiny 1
31434 31762 tiny 0
31478 31600 small 2
31503 31657 tiny 1
31547 31623 small 0
31609 31730 medium 0
31627 31750 small 1
31643 31788 medium 1
31648 31786 medium 2
31837 32005 tiny 2
31852 31956 medium 1
31891 32010 small 1
32077 32206 small 2
32231 32464 tiny 0
32558 32689 tiny 0
32809 32940 tiny 0
33039 33335 tiny 0
33654 33941 tiny 0
33996 34146 tiny 1
33996 34181 tiny 2
34149 34278 small 1
34168 34264 medium 1
34183 34432 small 2
34252 34389 tiny 0
34291 34378 small 0
34357 34492 tiny 1
34357 34512 medium 2
34404 34473 medium 1
34421 34490 small 1
34429 34543 medium 0
34657 34731 tiny 2
34796 35036 tiny 0
34878 34989 medium 2
34879 35092 medium 1
34887 34955 medium 0
34894 35109 small 1
35270 35378 tiny 2
35377 35508 tiny 0
35707 35809 small 1
35735 35794 tiny 2
35757 35800 medium 1
36352 36521 tiny 0
36467 36573 tiny 1
36675 37065 tiny 0
36682 36754 small 0
36770 36920 tiny 2
37171 37634 tiny 0
37253 37371 medium 1
37546 37627 small 0
37546 37619 medium 1
37548 37607 small 1
37656 37713 small 2
37727 37858 tiny 1
37838 38012 medium 1
37869 38009 medium 2
37898 38003 medium 0
37920 38024 small 1
37979 38093 tiny 1
38073 38212 tiny 2
38122 38249 small 2
38134 38243 small 1
38143 38199 medium 1
38700 38800 tiny 1
38716 38841 tiny 0
38720 38815 small 1
38757 38861 medium 1
38874 39088 small 2
38913 39075 medium 1
38928 39082 medium 0
38946 39107 small 1
38992 39090 medium 2
39032 39833 tiny 0
39216 39323 small 0
39240 39345 tiny 2
39281 39421 medium 1
39344 39413 small 1
39455 39681 small 0
39545 39715 medium 1
39551 39675 small 1
39648 39920 tiny 1
39882 40055 small 2
40049 40364 tiny 0
40077 40173 small 0
40363 40503 small 2
40371 40529 tiny 1
40659 40738 tiny 1
40904 40956 tiny 2
40976 41153 medium 0
40987 41139 medium 1
41027 41130 small 1
41038 41151 medium 2
41040 41099 tiny 0
41073 41381 small 2
41353 41431 tiny 2
41559 41672 medium 0
41572 41699 medium 2
41591 41752 small 1
41617 41830 tiny 0
41637 41735 medium 1
41737 41844 small 0
41952 42081 tiny 0
42072 42172 small 2
42210 42307 tiny 0
42449 42555 tiny 0
42466 42593 small 0
42643 43071 tiny 0
42758 43047 small 0
43049 43127 medium 1
43079 43164 small 1
43377 43721 tiny 0
43959 44092 tiny 0
44144 44265 small 2
44439 44602 tiny 0
44460 44843 tiny 1
44490 44568 tiny 2
44876 45086 small 2
44924 45118 tiny 1
44989 45238 tiny 0
45081 45206 tiny 2
45232 45312 small 2
45334 45641 tiny 0
45395 45550 small 2
45693 45819 tiny 2
45815 45920 tiny 1
46163 46384 tiny 0
46188 46433 small 0
46491 46612 small 0
46504 46598 tiny 0
46773 46842 tiny 0
46841 46958 tiny 2
46864 47009 small 1
46902 46954 medium 1
47106 47198 tiny 2
47220 47324 tiny 1
47338 47470 small 0
47379 47461 tiny 0
47675 48098 tiny 0
47857 47928 tiny 2
47958 48092 small 0
48325 48391 small 2
48429 48580 tiny 0
48656 48926 small 0
48656 48799 small 1
48660 48762 medium 1
48697 48780 medium 0
48717 48926 tiny 0
49360 49504 tiny 0
49370 49531 small 2
49398 49482 small 0
49602 49713 small 2
49788 50017 tiny 1
50075 50235 tiny 0
50160 50274 small 0
50206 50397 tiny 1
50365 50611 small 2
50629 50806 tiny 0
50716 50810 tiny 1
50798 51107 medium 1
50809 50982 small 1
50974 51078 tiny 2
51286 51712 tiny 0
51425 51539 tiny 1
51694 51780 small 2
51897 52013 tiny 0
52054 52135 small 2
52145 52301 medium 1
52193 52242 tiny 0
52418 52488 tiny 2
52426 52519 tiny 0
52518 52671 small 1
52536 52645 medium 1
52733 52913 small 1
52781 52858 medium 1
52789 52879 tiny 0
53091 53211 tiny 1
53109 53231 tiny 0
53253 53386 medium 1
53491 53621 tiny 0
53640 53727 small 2
53912 54074 medium 1
53914 54066 tiny 1
53929 54200 small 0
53937 54303 tiny 0
53980 54086 tiny 2
54091 54400 small 2
54298 54399 tiny 1
54522 54702 small 2
54668 54806 tiny 1
54691 54755 tiny 0
54694 54814 medium 1
54708 54759 small 1
54719 54754 small 0
55033 55174 tiny 0
55402 55549 tiny 0
55416 55533 small 0
55490 55621 tiny 1
55514 55602 small 2
55973 56118 tiny 0
56008 56087 small 0
56125 56372 small 2
56157 56211 tiny 2
56237 56319 tiny 0
56371 56446 tiny 2
56434 56604 small 0
56491 56578 tiny 0
56634 56687 tiny 1
56803 56948 small 2
56845 56937 tiny 0
56871 56979 small 0
57080 57190 tiny 2
57172 57339 tiny 0
57411 57895 tiny 0
57477 57696 small 0
57537 57637 small 2
57875 58055 medium 1
57920 58078 medium 0
57945 58023 medium 2
57948 58045 small 1
57993 58430 tiny 0
58151 58420 small 0
58183 58367 small 2
58592 58772 tiny 1
58603 58716 small 0
58628 58765 tiny 0
58714 58899 medium 2
58731 58844 medium 1
58772 58881 small 1
58788 58911 medium 0
58991 59095 tiny 0
59015 59080 small 0
59078 59222 medium 1
59156 59277 small 1
59240 59364 small 2
59317 59499 small 0
59325 59508 tiny 0
59326 59457 tiny 2
59561 59690 medium 1
59577 59856 tiny 2
59605 59701 small 1
59857 60224 tiny 0
60080 60203 small 0
60283 60396 medium 1
60548 60633 tiny 0
61153 61424 small 0
61196 61425 tiny 0
61515 61598 tiny 1
61666 61748 tiny 0
61865 62036 medium 0
61873 61961 medium 2
61881 61987 tiny 0
61906 61966 small 1
61916 62020 medium 1
62072 62257 medium 1
62226 62324 small 2
62437 62840 tiny 0
62450 62616 small 0
62560 62693 medium 0
62583 62722 medium 2
62602 62700 medium 1
62604 62696 small 1
62726 62822 small 2
62735 62876 small 0
62802 62955 tiny 2
62974 63060 tiny 0
63203 63314 small 2
63210 63303 tiny 0
63395 63545 tiny 1
63404 63527 small 2
63448 63632 tiny 0
63448 63546 medium 1
63452 63592 small 0
63646 63826 small 2
64038 64166 small 2
64429 64494 small 2
64658 64780 tiny 2
64713 64857 small 2
64771 64908 tiny 0
64838 65018 tiny 1
65011 65110 small 1
65021 65367 tiny 0
65036 65071 medium 1
65105 65203 small 2
65156 65226 tiny 1
65238 65348 small 0
65448 65588 medium 1
65495 65628 small 1
65565 65720 tiny 0
65839 65961 tiny 0
66162 66333 small 1
66192 66298 tiny 2
66207 66357 medium 1
66527 66695 tiny 0
66668 66763 tiny 2
66790 66905 medium 2
66794 66892 small 1
66811 66921 tiny 1
66814 66900 medium 0
66817 66877 medium 1
67045 67118 tiny 0
67068 67165 small 2
67432 67545 tiny 1
67602 67876 small 1
67640 67725 tiny 1
67643 67897 medium 1
67645 67718 tiny 0
67776 67835 medium 0
67891 68499 tiny 0
67980 68313 medium 1
68135 68519 small 0
68142 68219 small 1
68194 68351 small 2
68678 68797 small 1
68713 68823 medium 1
68923 69040 small 0
68989 69206 tiny 0
69156 69284 small 2
69224 69473 tiny 1
69326 69813 tiny 0
69528 69645 small 0
69568 69639 small 2
69706 69797 tiny 2
69839 69887 small 2
70115 70672 tiny 0
70152 70238 small 0
70155 70301 tiny 1
70179 70270 medium 1
70199 70258 small 1
70432 70495 tiny 1
70439 70557 tiny 2
70532 70628 small 0
70863 70992 tiny 2
70883 71029 small 0
70909 71080 tiny 0
71075 71216 small 2
71208 71329 tiny 1
71212 71481 tiny 0
71330 71493 small 0
71447 71623 tiny 2
71862 71949 small 2
72032 72233 tiny 2
72048 72447 tiny 0
72077 72202 medium 1
72512 72678 tiny 2
72545 72782 tiny 1
72641 72837 medium 2
72649 72813 medium 0
72698 72804 small 1
72702 72784 medium 1
72933 73424 tiny 0
72956 73050 small 0
73009 73146 small 2
73163 73261 tiny 1
73183 73313 medium 1
73280 73420 small 2
73304 73352 small 0
73530 73721 tiny 0
73649 73750 small 2
73774 73876 tiny 1
74001 74135 tiny 2
74206 74365 small 1
74209 74356 medium 1
74236 74324 medium 0
74254 74568 tiny 0
74268 74344 medium 2
74739 74845 tiny 0
74740 74878 tiny 2
74935 75068 medium 2
74952 75116 medium 1
74971 75042 medium 0
74976 75103 small 2
74997 75084 small 1
75219 75394 tiny 0
75289 75401 small 0
75318 75431 tiny 1
75351 75517 tiny 2
75513 75633 medium 1
75534 75711 medium 2
75595 76051 tiny 0
75595 75712 small 1
75598 75657 medium 0
75635 75839 small 2
75663 75787 small 0
75778 75928 medium 1
75803 75896 small 1
75934 76041 small 0
76008 76199 medium 1
76015 76126 small 1
76030 76116 tiny 2
76129 76290 small 2
76437 76539 tiny 1
76540 76638 tiny 0
76735 76850 small 2
76760 76951 tiny 1
76968 77113 medium 0
76976 77098 medium 2
76993 77147 small 1
77010 77082 medium 1
77085 77206 small 0
77140 77322 tiny 0
77202 77360 medium 2
77229 77314 medium 1
77233 77390 small 1
77249 77321 medium 0
77518 77586 small 2
77607 77949 tiny 0
77680 77805 medium 1
77698 77807 small 1
77743 77872 medium 0
77824 78072 tiny 2
77926 78085 tiny 1
78041 78225 small 2
78089 78315 tiny 0
78223 78314 tiny 2
78282 78429 medium 1
78397 78654 tiny 0
78417 78683 small 0
78460 78523 small 2
78558 78668 small 1
78571 78669 medium 1
78636 78802 small 2
78876 79029 small 2
78936 79018 tiny 2
78996 79168 medium 0
79011 79189 medium 1
79036 79159 medium 2
79037 79120 tiny 1
79049 79178 small 1
79130 79547 tiny 0
79675 79717 tiny 0
79850 79965 medium 2
79868 80019 small 1
79891 79954 small 2
79895 80032 tiny 0
79900 79967 tiny 1
79903 80037 medium 1
79915 80021 medium 0
80095 80209 small 1
80101 80219 medium 1
80107 80271 tiny 0
80147 80240 small 0
80158 80211 medium 0
80158 80274 medium 2
80673 80807 tiny 2
80841 81399 tiny 0
80847 80974 small 2
80939 81042 medium 1
80987 81061 small 1
81577 81650 tiny 0
81687 81789 tiny 2
81753 81921 small 0
81771 81888 tiny 0
81781 81886 small 2
81812 81930 tiny 1
81874 82042 small 1
81911 82068 medium 1
82119 82249 tiny 2
82268 82415 tiny 0
82356 82528 medium 1
82544 82913 tiny 0
82761 82843 small 0
82791 82877 small 2
82900 83037 tiny 1
83077 83276 medium 2
83106 83236 medium 1
83108 83260 small 1
83141 83243 medium 0
83313 83488 medium 2
83328 83460 small 1
83343 83467 medium 1
83374 83436 tiny 2
83380 83476 tiny 0
83391 83444 medium 0
83461 83590 small 2
83966 84177 tiny 0
84058 84209 medium 1
84061 84154 medium 2
84067 84231 small 1
84080 84239 medium 0
84091 84217 small 0
84756 84904 tiny 0
84877 85012 medium 1
84886 84991 medium 0
84909 85061 medium 2
84932 84999 small 1
85030 85171 tiny 0
85388 85513 medium 1
85425 85472 small 1
85488 85663 tiny 2
85522 85665 tiny 0
85759 85863 tiny 2
85837 85962 small 0
85914 85985 tiny 0
85984 86123 medium 1
86197 86397 small 2
86320 86510 tiny 0
86364 86475 small 0
86573 86741 tiny 0
86608 86719 tiny 2
86679 86870 medium 0
86706 86798 small 1
86718 86810 medium 1
86753 86838 medium 2
86957 87087 medium 1
86976 87116 tiny 0
87088 87318 small 2
87276 87546 tiny 2
87299 87406 small 0
87335 87642 tiny 0
87586 87661 tiny 1
87768 87946 small 1
87786 87894 small 0
87807 87873 tiny 0
87810 87886 medium 1
87998 88188 medium 1
88025 88142 medium 2
88054 88147 small 1
88063 88114 medium 0
88079 88143 tiny 0
88239 88404 tiny 2
88253 88435 tiny 0
88290 88379 tiny 1
88717 88887 medium 1
88756 88898 small 1
88860 89107 tiny 0
88880 89011 small 2
89203 89361 tiny 1
89244 89432 small 1
89245 89466 medium 1
89342 89458 medium 0
89372 89452 medium 2
89442 89604 tiny 2
89470 89803 tiny 0
89605 89677 tiny 1
89697 89834 small 2
89724 89859 tiny 2
89942 90236 tiny 0
89958 90095 tiny 1
89968 90061 small 0
90183 90298 small 2
90190 90339 tiny 2
90570 90693 tiny 0
90595 90648 small 0
90775 91031 tiny 0
90881 91070 small 0
91186 91271 tiny 0
91270 91360 tiny 1
91551 91747 tiny 0
91598 91752 small 0
92135 92340 small 2
92374 92490 medium 1
92394 92519 small 1
92457 92624 tiny 0
92506 92742 tiny 2
92699 92837 small 0
92718 92804 medium 1
92743 92803 tiny 0
93073 93342 tiny 0
93158 93349 tiny 1
93453 93528 tiny 0
93600 93666 tiny 2
93680 93780 medium 1
94025 94404 tiny 1
94038 94124 tiny 0
94062 94152 small 0
94358 94484 tiny 0
94502 94621 tiny 1
94608 94836 tiny 0
94654 94718 small 0
94715 94895 tiny 2
95096 95567 tiny 0
95105 95390 tiny 1
95135 95242 small 2
95255 95383 tiny 2
95740 95844 tiny 0
95841 95972 medium 1
95994 96052 small 2
96091 96159 tiny 2
96439 96541 small 1
96445 96769 tiny 0
96445 96592 medium 1
96534 96817 tiny 2
96899 97054 tiny 2
96939 97062 small 1
96948 97049 medium 1
97001 97136 tiny 1
97248 97352 medium 0
97259 97383 small 1
97260 97410 medium 1
97276 97532 tiny 0
97295 97437 small 2
97607 97791 tiny 0
97837 97999 small 0
97867 98110 tiny 0
98264 98357 small 2
98335 98464 tiny 1
98504 98595 tiny 2
98704 98812 tiny 0
99057 99160 tiny 2
99187 99273 tiny 1
99209 99294 tiny 0
99567 99712 tiny 2
99788 99932 tiny 0
99809 99877 small 0
99908 100012 small 2
100239 100399 medium 2
100271 100432 medium 0
100306 100437 tiny 0
100311 100381 small 1
100312 100416 medium 1
100641 100785 tiny 1
100666 100858 tiny 0
100722 100849 small 0
100838 100985 medium 0
100845 100975 medium 1
100865 100959 medium 2
100916 100956 small 1
101140 102296 tiny 0
101158 101479 small 0
101361 101501 small 2
101370 101610 tiny 2
101757 101861 small 0
101997 102088 small 2
102038 102195 tiny 2
102190 102320 small 0
102336 102467 small 2
102415 102515 tiny 0
102671 102781 tiny 0
102672 102758 tiny 1
102714 102755 small 2
103714 103848 tiny 2
103762 103857 tiny 1
103955 104136 small 0
103969 104126 tiny 0
104076 104278 small 2
104148 104224 tiny 2
104198 104370 medium 1
104208 104450 tiny 1
104226 104353 medium 0
104227 104353 tiny 0
104270 104389 small 1
104277 104344 medium 2
104482 104753 tiny 0
104585 104699 tiny 1
104804 104936 small 1
104836 104963 medium 1
104865 105165 tiny 0
105074 105189 small 0
105102 105215 tiny 1
105272 105479 medium 2
105277 105471 medium 1
105283 105420 tiny 0
105317 105408 medium 0
105342 105464 small 1
105598 105656 tiny 2
105806 105898 tiny 0
105821 105932 small 2
105885 105997 tiny 1
105952 106041 tiny 2
106038 106190 medium 1
106133 106232 tiny 0
106136 106260 small 2
106505 106645 small 1
106516 106645 tiny 0
106541 106643 medium 1
106625 106761 small 2
106712 106908 small 0
106713 107271 tiny 0
106759 106843 medium 1
106992 107122 tiny 1
107118 107253 small 0
107208 107336 tiny 1
107487 107687 tiny 0
108205 108312 tiny 0
108225 108327 small 0
108406 108550 tiny 0
108445 108590 small 0
108587 108711 tiny 2
109159 109412 tiny 0
109176 109288 tiny 2
109308 109431 small 0
109755 109902 tiny 0
109765 109899 small 1
109777 109852 medium 1
110017 110153 tiny 0
110324 110514 tiny 0
110467 110601 medium 0
110471 110562 medium 2
110472 110621 small 1
110482 110552 medium 1
110685 110801 medium 1
110699 110817 tiny 0
110705 110805 small 1
110709 110849 small 0
111047 111349 tiny 0
111169 111326 small 1
111183 111333 medium 1
111682 111814 medium 1
111713 111799 small 1
111771 111899 tiny 1
112132 112471 tiny 0
112648 112761 tiny 1
113023 113081 tiny 0
113145 113234 small 2
113225 113349 medium 1
113227 113386 small 1
113439 113708 tiny 0
113458 113634 small 1
113465 113613 medium 1
113681 113816 medium 1
113720 113875 medium 2
113731 113912 tiny 1
113747 113798 medium 0
113756 113796 small 1
114051 114219 tiny 1
114288 114391 medium 1
114303 114442 medium 0
114310 114436 medium 2
114315 114414 small 1
114527 114665 small 1
114561 114654 medium 1
114763 114949 small 0
114789 115140 tiny 0
114805 114882 small 1
114812 114943 medium 1
115058 115127 small 0
115369 115531 tiny 0
115795 116157 tiny 0
116226 116350 tiny 2
116317 116451 tiny 1
116364 116481 tiny 0
116566 116995 tiny 0
116710 116825 small 0
116713 116795 tiny 2
116930 117074 small 1
116966 117075 medium 1
117232 117290 tiny 1
117342 117419 tiny 0
117761 117907 medium 2
117765 117878 tiny 0
117780 117950 medium 0
117816 117882 medium 1
117820 117902 small 1
117993 118408 tiny 0
117993 118257 small 0
118497 118654 tiny 2
118507 118614 medium 1
118551 118756 tiny 0
118874 119012 medium 1
118878 119000 small 1
119510 119576 small 2
119566 119690 medium 0
119570 119686 medium 2
119575 119712 tiny 1
119583 119737 small 0
119588 119690 medium 1
119603 119741 tiny 0
119635 119729 small 1
119723 119942 small 2
119916 120095 tiny 1
120410 120590 tiny 0
120419 120544 tiny 1
120707 120784 tiny 0
120949 121156 small 2
121278 121357 tiny 0
121661 121754 tiny 1
121724 121860 tiny 0
122329 122451 tiny 0
122716 122824 tiny 0
122732 123118 medium 1
122754 123056 small 1
123085 123181 small 2
123201 123453 tiny 0
123325 123471 tiny 1
123441 123684 tiny 2
123648 123785 small 1
123653 123825 medium 1
123704 123773 tiny 0
124068 124142 medium 1
124239 124378 small 1
124258 124367 medium 1
124411 124485 tiny 0
124522 124603 tiny 1
124643 124763 tiny 0
124728 124864 tiny 2
124733 124966 small 2
124962 125202 tiny 0
125125 125196 small 0
125385 125490 medium 1
125388 125467 small 2
125731 125815 tiny 0
125829 125926 small 2
125841 126034 small 1
125846 126049 medium 1
125987 126072 tiny 2
126171 126331 tiny 0
126568 126694 tiny 1
126593 126828 tiny 0
126771 126946 tiny 1
126889 127013 tiny 0
126996 127124 tiny 1
127133 127273 tiny 2
127250 127384 small 2
127385 127633 medium 1
127385 127491 medium 2
127388 127506 tiny 0
127423 127512 medium 0
127435 127491 small 1
127671 127734 tiny 0
127999 128108 tiny 0
128145 128273 small 2
128324 128575 tiny 1
128573 128699 medium 1
128582 128701 small 1
128625 128733 medium 2
128638 128735 medium 0
128924 129111 tiny 2
128942 129069 tiny 0
129219 129416 tiny 0
129314 129460 tiny 1
