#base_trace: pl05, config_file: configs/personal/personal-config18.xml, total_servers: 6, total_time: 86400, time_dist_mean: 2.590000, time_dist_stdev: 0.450000, node_dist_mean: 1.800000, node_dist_stdev: 1.750000
161 393 tiny 1
821 1172 tiny 0
885 1193 tiny 1
1346 1720 tiny 0
1386 1876 tiny 1
2566 3133 tiny 1
2699 3195 tiny 0
4068 4426 tiny 1
6273 6769 tiny 1
7234 7761 tiny 1
7274 7684 tiny 0
7993 8196 tiny 1
8582 8778 tiny 1
9702 10029 tiny 0
9889 10073 tiny 1
10886 11514 tiny 1
10931 11342 tiny 0
14039 14178 tiny 0
14080 14339 tiny 1
14518 14801 tiny 0
14610 14758 tiny 1
15100 15539 tiny 1
15141 15531 tiny 0
16240 16651 tiny 0
16487 16791 tiny 1
17576 17912 tiny 0
17697 17735 tiny 1
18544 18769 tiny 1
19634 20140 medium 0
19799 19929 tiny 1
20316 20864 tiny 1
20622 20892 tiny 0
21421 21841 tiny 1
22150 22451 tiny 1
22912 23240 tiny 1
22998 23354 tiny 0
