#base_trace: g5k06, config_file: scheduling//personal-config12.xml, total_servers: 12, total_time: 86400, time_dist_mean: 2.450000, time_dist_stdev: 0.640000, node_dist_mean: 2.140000, node_dist_stdev: 1.180000
39 165 large 0
114 172 tiny 0
176 350 large 2
273 441 medium 2
335 477 tiny 0
442 592 large 2
575 774 small 0
577 692 large 0
824 917 tiny 0
913 1264 large 0
1001 1276 large 3
1028 1492 tiny 0
1119 1310 medium 0
1164 1306 small 0
1260 1434 medium 2
1427 1507 small 1
1522 1738 large 0
1550 1608 medium 2
1641 1781 tiny 0
1832 2138 large 0
2028 2256 medium 2
2368 2445 medium 2
2397 2488 tiny 0
2399 2621 large 3
2489 2561 medium 3
2616 2747 tiny 0
2717 2934 large 0
2733 2985 medium 2
2994 3035 tiny 0
3342 3420 large 0
3516 3718 tiny 0
3598 3718 large 0
3821 4052 tiny 0
4003 4137 medium 2
4256 4380 tiny 0
4292 4360 medium 2
4531 4596 large 3
4627 4744 large 0
4660 4759 large 2
4745 4881 tiny 0
4834 5005 medium 2
5111 5337 large 0
5338 5486 medium 0
5355 5446 small 0
5473 5619 large 0
5625 6194 tiny 0
5683 5812 large 0
6357 6536 medium 2
6519 6708 medium 3
6561 6677 small 0
6590 6656 tiny 0
6685 6906 medium 2
6803 6902 tiny 0
6910 7041 small 0
7189 7396 tiny 0
7236 7417 medium 0
7249 7380 large 0
7251 7415 small 0
7645 7981 tiny 0
7738 7888 large 3
7790 7904 medium 2
8031 8148 large 0
8093 8566 tiny 0
8517 8574 small 0
8562 8720 tiny 1
8742 8833 large 0
8748 8827 tiny 0
9213 9330 medium 2
9335 9469 large 0
9436 9559 tiny 1
9549 9646 tiny 0
9667 9791 large 0
9890 10264 tiny 0
9901 10046 large 0
10164 10311 large 0
10303 10404 large 3
10435 10524 large 0
10593 10729 medium 2
10665 10793 tiny 0
10856 10979 medium 2
10920 10995 tiny 0
10957 11151 large 3
10989 11111 large 0
11137 11262 tiny 0
11193 11315 medium 2
11355 11597 tiny 0
11366 11516 large 0
11725 11800 small 1
11751 11941 medium 2
11755 11822 small 0
11836 11979 tiny 0
11840 11963 large 0
11928 12071 medium 3
12086 12327 tiny 0
12116 12213 large 0
12239 12318 medium 2
12400 13127 tiny 0
12538 12684 medium 2
12695 12786 large 0
12765 12911 small 0
12830 12892 medium 0
12938 13007 large 0
13079 13168 large 3
13310 13438 tiny 0
13434 13549 large 0
13492 13632 tiny 0
13594 13793 medium 2
13610 13725 tiny 1
13742 13840 tiny 0
14038 14133 tiny 0
14209 14690 tiny 0
14328 14441 large 0
14740 14855 medium 2
15109 15223 tiny 0
15118 15158 large 0
15187 15346 medium 0
15229 15425 small 0
15338 15458 large 0
15447 15515 tiny 0
15540 15672 large 0
15907 16033 large 0
15955 15993 small 0
16014 16135 medium 3
16178 16643 tiny 0
16244 16366 small 0
16292 16513 large 0
16312 16361 medium 0
16848 17002 tiny 0
16985 17072 small 0
16998 17128 medium 2
17096 17273 tiny 0
17278 17394 tiny 1
17381 17756 medium 2
17439 17552 tiny 0
17561 17694 large 0
17737 17820 tiny 0
17989 18080 large 2
18317 18462 medium 2
18920 19558 tiny 0
19021 19153 medium 2
19022 19154 medium 1
19047 19182 large 1
19484 19661 large 0
19668 19791 tiny 0
19789 19896 large 3
19887 20000 large 0
19907 20033 medium 2
20080 20228 medium 1
20087 20257 large 1
20105 20516 tiny 0
20432 20572 large 0
20510 20616 medium 2
20571 20711 medium 0
20636 20731 small 0
20800 20933 tiny 0
20820 20978 small 0
20832 20945 medium 0
21077 21202 medium 2
21078 21199 large 0
21334 21420 tiny 0
21563 21673 large 0
21568 21698 medium 0
21587 21701 small 0
21696 21755 tiny 0
21753 21910 small 0
21797 21917 medium 0
22129 22413 tiny 0
22494 22595 large 0
22876 22964 tiny 0
23009 23094 small 0
23131 23202 tiny 0
23368 23431 large 0
23398 23457 tiny 0
23445 23718 medium 2
24053 24179 large 0
24341 24407 medium 2
24449 24526 large 0
24587 24680 medium 2
24768 25273 tiny 0
24772 25035 medium 2
24997 25196 tiny 1
25420 25516 large 3
25593 25768 tiny 1
25616 25736 large 3
25649 25841 tiny 0
25672 25797 medium 2
25729 25863 large 0
25745 25915 small 0
25759 25864 medium 0
26023 26152 tiny 0
26196 26488 tiny 0
26701 26860 small 1
26815 26995 large 0
26875 27101 tiny 0
27154 27289 medium 2
27238 27651 tiny 0
27299 27448 medium 0
27320 27441 small 0
27683 27756 medium 2
27710 27780 large 0
27821 27923 tiny 0
27896 28058 small 0
28149 28234 large 0
28175 28296 large 3
28191 28239 medium 2
28381 28474 tiny 1
28431 28484 tiny 0
28490 28651 medium 0
28497 28611 small 0
28640 28799 tiny 0
28759 28846 medium 2
28784 28906 large 0
28846 28951 tiny 0
29079 29390 tiny 0
29709 29861 tiny 1
29743 29914 tiny 0
29838 29970 large 0
29866 29930 large 3
29978 30059 medium 2
30062 30418 tiny 0
30109 30209 large 0
30433 30555 large 0
30470 30534 medium 2
30473 30558 tiny 1
30528 30632 tiny 0
30567 30656 large 1
30598 30650 medium 1
30754 30891 small 0
31011 31186 large 1
31031 31192 tiny 0
31718 31865 tiny 0
31986 32113 tiny 0
32013 32138 large 1
32030 32090 medium 2
32102 32274 small 0
32357 32688 tiny 0
32378 32495 medium 2
32451 32593 large 0
32555 32681 medium 0
32613 32690 small 0
32752 32824 medium 2
32827 33201 tiny 0
32955 33075 large 0
33051 33187 medium 2
33319 33426 small 1
33335 33522 medium 2
33341 33584 large 0
33716 33773 medium 2
33827 34238 tiny 0
34177 34233 large 0
34259 34400 medium 2
34265 34382 tiny 1
34381 34505 small 0
34383 34522 tiny 0
34424 34533 medium 3
34496 34649 large 2
34664 34759 medium 2
34956 35113 medium 2
35030 35322 large 0
35100 35510 tiny 0
35347 35500 large 2
35576 35745 medium 2
35640 35691 small 0
35686 36050 tiny 0
36462 36709 large 0
36463 36552 tiny 0
36670 36827 medium 2
37152 37269 large 0
37162 37242 small 0
37170 37262 medium 0
37318 37415 tiny 0
37597 37768 large 0
37874 38023 tiny 0
37912 38078 medium 2
38126 38914 tiny 0
38132 38212 tiny 1
38145 38199 medium 1
38159 38235 large 1
38361 38437 large 0
38517 38568 medium 2
38625 38732 large 3
39100 39226 large 2
39348 39454 tiny 0
39533 39655 small 0
39534 39672 medium 2
39543 39942 tiny 0
39797 39950 medium 2
39903 40030 large 0
40035 40280 tiny 0
40042 40139 small 0
40268 40419 large 0
40393 40739 tiny 0
40635 40798 large 0
40839 41119 tiny 1
40915 41027 tiny 0
41137 41204 medium 2
41263 41351 tiny 0
41345 41551 large 0
41552 41700 large 3
41562 41713 medium 2
41578 41729 medium 1
41624 41688 tiny 0
41624 41681 large 1
41674 41828 small 0
41707 41857 medium 0
41848 41912 medium 2
41850 41933 large 0
41980 42068 tiny 0
42177 42349 tiny 0
42309 42469 large 0
42458 42663 tiny 0
42686 42804 medium 2
42799 43312 tiny 0
43054 43140 large 3
43157 43506 large 0
43382 43478 tiny 0
43604 43717 tiny 0
43841 43951 large 0
43848 43958 medium 2
44257 44390 medium 2
44264 44464 tiny 0
44392 44630 large 0
44705 44799 tiny 1
44746 44826 large 0
44871 44949 tiny 0
45068 45196 tiny 0
45212 45335 large 0
45559 45672 large 0
45592 45797 tiny 0
45661 45755 medium 2
46019 46266 tiny 0
46242 46355 small 0
46271 46356 medium 3
46391 46551 medium 2
46478 46780 tiny 0
46773 46853 small 1
46863 47039 large 0
46896 46952 tiny 0
46917 46984 tiny 1
47005 47115 medium 2
47130 47228 large 0
47148 47263 large 3
47347 47477 tiny 0
47347 47450 large 0
47572 47757 tiny 0
47825 47989 medium 2
47956 48217 large 0
48074 48218 tiny 0
48169 48350 small 1
48429 48570 large 0
48648 48791 large 2
48667 48819 tiny 0
48902 49063 medium 2
48929 49004 tiny 0
49136 49290 large 0
49155 49231 medium 2
49311 49606 tiny 0
49432 49609 medium 2
49889 50129 large 0
50076 50204 large 1
50096 50236 medium 1
50127 50357 small 0
50145 50279 tiny 0
50214 50351 medium 0
50335 50615 tiny 0
50678 50791 small 0
50689 50872 medium 2
51038 51998 tiny 0
51091 51192 medium 2
51190 51276 large 0
51584 51787 medium 2
52240 52655 tiny 0
52385 52553 medium 2
52735 52854 tiny 0
52793 52907 large 0
52889 52951 medium 2
53125 53244 large 3
53155 53229 large 0
53192 53399 tiny 1
53212 53366 small 0
53225 53315 medium 0
53254 53312 medium 2
53333 53446 tiny 0
53335 53435 large 0
53486 53608 medium 2
53680 53822 medium 2
53843 53955 small 0
53862 53938 tiny 0
53876 53934 medium 0
54082 54468 tiny 0
54206 54448 large 1
54233 54440 medium 1
54234 54306 large 2
54276 54422 medium 0
54284 54468 small 0
54528 54713 large 0
54560 54669 medium 2
54577 54953 small 0
54587 54995 tiny 0
54588 54716 medium 0
54771 54878 medium 0
54787 55079 medium 2
54814 54940 large 0
55289 55733 tiny 0
55621 55744 large 0
55742 56018 medium 2
55876 56028 large 0
55991 56082 tiny 1
56223 56334 large 3
56227 56351 medium 3
56243 56388 tiny 0
56572 56796 tiny 0
56574 56713 medium 2
56946 57204 medium 2
56968 57184 tiny 0
56968 57041 large 1
57205 57565 large 0
57324 57393 tiny 0
57679 57772 tiny 0
57778 57949 medium 2
57926 58112 large 0
58197 58360 tiny 0
58492 58608 large 1
58493 58611 tiny 0
58549 58605 medium 1
58786 58859 tiny 0
59438 59612 tiny 0
59798 59955 large 2
59983 60279 tiny 0
60200 60355 tiny 1
60359 60478 large 2
60477 60941 tiny 0
60543 60648 medium 2
60597 60711 small 1
60993 61395 tiny 0
60995 61299 large 0
61067 61138 medium 2
61269 61387 large 3
61481 61621 tiny 0
61722 61855 medium 2
61745 62035 tiny 0
62107 62259 tiny 0
62261 62393 medium 2
62397 62495 tiny 0
62400 62456 large 0
62576 62708 large 0
63089 63167 tiny 0
63212 63352 medium 2
63237 63320 large 0
63342 63514 tiny 0
63539 63667 large 2
63587 63663 large 0
63588 63705 small 0
63780 64242 tiny 0
63838 64135 large 0
63902 64046 large 2
63926 63998 medium 2
64181 64295 large 1
64187 64291 medium 1
64358 64787 tiny 0
64389 64648 large 0
64865 65021 tiny 0
65131 65211 large 3
65376 65605 tiny 0
65588 65709 medium 0
65629 65720 small 0
65804 65943 large 0
65861 66058 tiny 0
66213 66466 tiny 0
66234 66299 medium 2
66554 66702 medium 0
66583 66716 small 0
67112 67274 tiny 0
67534 67662 small 0
67654 67774 tiny 0
67713 67896 large 3
67785 67866 large 0
67954 68079 large 1
67955 68495 tiny 0
68001 68088 medium 1
68027 68119 medium 2
68087 68192 large 0
68758 68875 medium 2
68928 69054 small 0
68929 69097 medium 0
68931 69524 tiny 0
68975 69086 small 1
69170 69356 medium 1
69218 69302 large 1
69638 69782 tiny 0
69639 69927 large 0
69790 69916 tiny 1
69951 70015 medium 2
69951 70020 medium 3
70001 70490 tiny 0
70183 70267 large 0
70311 70417 large 3
70473 70596 large 0
70626 70757 large 3
70875 71032 large 3
71083 71316 tiny 0
71084 71315 medium 2
71133 71207 small 0
71480 71574 small 0
71516 71620 tiny 0
71554 71716 large 3
71672 71977 tiny 0
71815 71932 medium 2
71915 72184 large 0
72202 72300 tiny 0
72448 72546 tiny 0
72464 72557 medium 2
72716 72751 tiny 0
73008 73148 tiny 0
73010 73177 large 3
73150 73387 large 0
73175 73249 medium 2
73527 74157 tiny 0
73669 73952 medium 2
73719 73895 medium 0
73757 73882 small 0
74025 74089 large 2
74377 74437 tiny 0
74441 74587 tiny 1
74591 74705 small 0
74618 74681 large 2
74723 74977 tiny 0
74947 75072 large 0
75180 75513 tiny 0
75227 75358 medium 2
75407 75524 large 0
75531 75670 medium 2
75673 75783 tiny 0
75778 75878 medium 2
76059 76150 tiny 0
76250 76366 tiny 1
76277 76402 tiny 0
76277 76391 large 0
76285 76358 medium 1
76293 76386 large 1
76542 76624 tiny 0
76656 77025 medium 2
76832 77021 large 3
76861 76993 large 0
77143 77273 tiny 0
77157 77242 large 3
77569 78076 tiny 0
77673 77805 medium 2
77739 77926 large 0
77874 77917 large 1
77879 77997 medium 1
78084 78194 large 0
78099 78207 medium 2
78293 78455 large 3
78312 78476 tiny 0
78560 78661 small 1
78590 78700 large 2
78593 78834 large 3
78762 78906 medium 0
78786 78877 small 0
78873 78993 tiny 0
79013 79171 medium 2
79130 79307 large 1
79138 79288 tiny 0
79195 79239 medium 1
79260 79358 medium 3
79265 79371 tiny 1
79368 79559 tiny 0
79535 79666 medium 2
79543 79659 large 3
79665 79773 tiny 1
79770 79842 tiny 0
79780 79848 large 2
79846 79989 small 1
79989 80074 tiny 0
80345 80460 medium 0
80371 80450 small 0
80519 80590 medium 2
80800 80925 tiny 0
80983 81229 medium 2
81042 81309 tiny 0
81312 81392 large 0
81317 81427 large 3
81336 81475 medium 2
81346 81470 small 0
81643 81804 large 0
81715 81817 medium 2
82171 82269 tiny 0
82243 82428 large 3
82244 82654 large 0
82421 82530 medium 3
82611 82789 tiny 0
82903 83157 tiny 0
83089 83235 medium 2
83259 83317 large 0
83319 83446 medium 0
83341 83459 tiny 0
83364 83468 small 0
83579 83682 tiny 0
83617 83745 large 0
83827 83976 small 0
83831 84468 tiny 0
83975 84057 large 0
84152 84433 large 0
84513 84810 medium 2
84516 84808 tiny 0
84521 84635 large 0
85026 85276 tiny 0
85068 85279 large 0
85355 85550 small 0
85383 85507 tiny 0
85730 85831 large 0
85738 86009 tiny 0
85856 85973 tiny 1
85988 86151 small 0
86110 86239 large 3
86197 86332 tiny 0
86353 86488 medium 2
86468 86593 tiny 0
86737 86816 small 0
86816 86920 large 3
86944 87443 tiny 0
86980 87065 large 0
87166 87296 large 0
87174 87354 tiny 1
87812 87898 medium 2
88010 88279 small 0
88010 88275 medium 0
88038 88130 tiny 0
88045 88274 large 0
88277 88527 tiny 0
88528 88649 medium 2
88637 88721 large 0
89010 89086 tiny 0
89239 89315 large 3
89251 89320 large 0
89605 89869 large 0
89678 89988 tiny 0
89739 89874 medium 2
89952 90079 large 2
90037 90447 tiny 0
90079 90185 tiny 1
90276 90410 tiny 1
90590 90794 large 0
90805 91026 tiny 0
90818 91154 medium 2
91035 91180 large 0
91279 91404 medium 0
91320 91432 small 0
91601 91727 small 0
92210 92399 large 0
92240 92343 small 1
92267 92348 large 3
92374 92490 tiny 0
92501 92597 medium 2
92508 92613 large 0
92827 92937 medium 2
92838 92924 tiny 0
93106 93442 large 0
93200 93420 tiny 0
93223 93359 large 3
93316 93411 medium 1
93345 93464 large 1
93473 93546 medium 2
93699 93924 large 0
93715 93800 small 0
93921 94052 tiny 0
94123 94273 small 0
94285 94432 tiny 0
94304 94406 large 0
94319 94407 medium 2
94530 94650 large 0
94631 94764 medium 1
94668 94889 tiny 0
94672 94782 large 1
95086 95268 large 0
95094 95396 medium 2
95454 95598 medium 0
95460 95970 tiny 0
95505 95586 small 0
95590 95724 large 1
95593 95718 medium 1
95626 95676 medium 2
96070 96212 large 0
96232 97056 tiny 0
96344 96415 small 0
96445 96538 medium 2
96458 96638 large 2
96694 96754 large 3
97060 97136 medium 2
97125 97255 tiny 0
97233 97382 large 0
97358 97530 tiny 0
97424 97535 medium 2
97558 97623 large 0
97996 98483 tiny 0
98005 98092 large 0
98557 98871 tiny 0
98867 98980 large 2
98958 99110 tiny 0
99221 99323 tiny 0
99470 99512 small 1
99559 99883 tiny 0
100297 100372 tiny 0
100422 100555 small 0
100522 100592 tiny 0
100650 100776 large 3
100845 101201 tiny 0
100961 101112 small 0
100973 101193 large 0
101586 101682 tiny 1
101823 101973 tiny 0
102041 102226 large 0
102201 102326 large 3
102202 102334 tiny 0
102353 102457 large 0
102425 102549 tiny 0
102520 102666 large 0
102554 102659 large 3
102699 102819 tiny 1
102785 102933 tiny 0
102822 102945 medium 2
102887 103075 small 0
103001 103136 tiny 0
103012 103153 tiny 1
103146 103254 medium 2
103368 103591 tiny 0
103384 103539 small 0
103399 103498 large 0
103424 103505 medium 0
103881 103974 tiny 0
103965 104159 tiny 1
104132 104263 tiny 0
104366 104475 tiny 0
104587 104946 large 0
104807 104928 large 3
104813 104917 medium 2
104929 105088 medium 3
105061 105229 medium 2
105576 105642 tiny 0
105787 106014 tiny 0
106155 106306 medium 2
106180 106319 large 0
106274 106412 tiny 0
106312 106387 large 3
106665 106731 medium 2
106748 106850 tiny 0
106842 106997 small 0
107137 107237 large 0
