#base_trace: nd07cpu, config_file: configs/scheduling/personal-config15.xml, total_servers: 6, total_time: 86400, time_dist_mean: 2.442000, time_dist_stdev: 0.661000, node_dist_mean: 1.433000, node_dist_stdev: 2.022000
0 81 small 1
401 573 tiny 1
644 767 small 1
1482 1598 medium 1
1663 1772 medium 0
2577 2723 small 1
3066 3194 small 1
3327 3439 small 1
3352 3397 tiny 1
3805 3940 tiny 1
4056 4313 small 1
4129 4277 medium 0
4608 4736 small 1
5124 5491 small 1
5685 5797 medium 0
5925 6047 medium 0
5995 6054 tiny 1
6837 6931 small 1
7147 7302 small 1
7665 7861 small 1
7984 8130 small 1
8482 8735 small 1
8867 9057 small 1
9185 9326 small 1
9580 9761 small 1
10117 10255 medium 0
10281 10551 tiny 1
10915 11511 small 1
10968 11139 medium 0
11677 11878 small 1
12085 12204 medium 0
12316 12431 small 1
12674 12829 small 1
13059 13128 small 1
13269 13388 medium 1
13282 13434 small 1
13621 13728 medium 1
14090 14235 medium 0
14242 14339 tiny 1
14453 14632 small 1
15207 15356 small 1
15565 15819 small 1
16434 16543 tiny 1
16653 16846 medium 0
17012 17154 medium 1
17140 17206 small 1
17389 17510 small 1
17867 17949 small 1
18065 18212 small 1
18315 18458 small 1
18518 18653 small 1
19430 19539 small 1
19606 19795 small 1
19876 19988 small 1
20158 20243 medium 1
20326 20518 small 1
20579 20752 small 1
21355 21446 small 1
21566 21714 small 1
22040 22252 small 1
22131 22290 tiny 1
22192 22266 medium 0
22642 22725 medium 1
22672 22910 small 1
22991 23103 medium 0
23380 23468 small 1
23558 23705 small 1
24158 24353 small 1
24683 25030 small 1
25556 25661 medium 1
25745 25957 small 1
26003 26073 tiny 1
26690 26808 small 1
28141 28238 small 1
28898 29032 tiny 0
29703 29798 tiny 1
29976 30053 small 1
30060 30164 medium 1
31054 31155 tiny 1
31182 31251 small 1
31510 31675 small 1
31658 31736 tiny 1
31797 32016 small 1
32149 32391 small 1
32439 32552 medium 1
32573 32728 medium 0
33042 33194 small 1
33466 33570 small 1
33547 33689 tiny 0
33795 33915 small 1
34042 34111 small 1
35009 35270 medium 1
35274 35368 small 1
35565 35879 small 1
35597 35722 medium 1
35940 36096 small 1
36191 36431 small 1
36922 37049 small 1
37268 37408 small 1
37302 37369 medium 1
37911 38026 medium 1
38502 38628 tiny 1
38596 38682 small 1
38673 38793 tiny 1
38872 38936 small 1
39156 39313 tiny 1
39162 39278 small 1
39295 39427 medium 0
39825 39896 tiny 0
40493 40598 small 1
40536 40672 tiny 1
40625 40757 medium 1
40893 41025 medium 0
41088 41247 tiny 1
41198 41323 medium 1
41638 41745 medium 0
42443 42588 small 1
43139 43299 medium 0
43737 43854 medium 0
44159 44253 small 1
44682 44842 small 1
45541 45648 medium 1
45785 45903 small 1
47092 47235 medium 1
47258 47359 tiny 1
47439 47852 small 1
47585 47720 medium 1
48156 48310 medium 0
48283 48458 small 1
48454 48583 medium 1
48647 48790 tiny 1
48774 48930 medium 1
48782 48874 small 1
49299 49388 small 1
49541 49676 small 1
49862 49968 medium 0
50367 50466 medium 0
51447 51639 small 1
52025 52114 small 1
52281 52393 tiny 1
52996 53148 small 1
53327 53565 small 1
53441 53562 tiny 1
53721 53793 tiny 1
53926 54082 medium 1
54444 54521 medium 1
54713 54776 small 1
55134 55312 small 1
55243 55410 medium 1
55723 55905 small 1
56465 56615 tiny 0
57434 57561 medium 0
57560 57708 small 1
57934 58038 tiny 1
57954 58064 medium 0
58152 58353 tiny 1
58400 58508 small 1
58736 58850 medium 1
59132 59272 medium 1
59592 59730 small 1
60109 60168 medium 1
60942 61016 small 1
61264 61530 small 1
61859 62001 tiny 1
62562 62672 tiny 1
62796 62952 small 1
62814 62947 medium 1
63278 63445 tiny 1
63427 63590 medium 1
63695 63921 small 1
64378 64526 tiny 1
64606 64722 medium 0
64910 64972 small 1
65455 65598 medium 1
65719 65836 small 1
66160 66330 small 1
66675 66779 tiny 1
67499 67644 small 1
67978 68091 small 1
68109 68221 medium 1
68620 68690 small 1
68830 68978 medium 1
69569 69657 tiny 1
69656 69752 small 1
70791 70867 small 1
71486 71710 small 1
71817 71947 medium 1
72176 72284 small 1
72469 72696 small 1
72661 72805 medium 0
72825 72907 small 1
73594 73795 small 1
75299 75412 medium 0
75321 75424 tiny 1
75993 76155 medium 0
76546 76665 small 1
76989 77120 small 1
77726 77792 medium 0
77828 78276 small 1
78112 78206 medium 0
78238 78315 tiny 1
78579 78673 tiny 1
78801 79173 small 1
79261 79409 small 1
79422 79532 tiny 1
79744 79887 small 1
80193 80370 small 1
80989 81100 small 1
81208 81284 small 1
81234 81302 tiny 1
81921 82038 small 1
82162 82366 small 1
82896 83004 small 1
83448 83604 medium 0
83679 83844 small 1
84999 85290 small 1
85007 85113 tiny 1
85780 85908 small 1
86007 86125 small 1
86695 86828 medium 1
87214 87634 small 1
87553 87645 medium 0
90353 90468 small 1
90521 90771 small 1
90816 90934 medium 1
91402 91487 small 1
91768 91892 small 1
91972 92158 medium 1
92025 92129 small 1
92444 92586 medium 1
92711 92838 medium 0
93642 93813 small 1
93653 93794 tiny 1
94729 94898 small 1
95126 95258 small 1
95384 95515 tiny 1
96755 96954 small 1
97154 97246 tiny 0
97772 97899 small 1
98433 98575 tiny 1
98599 98739 small 1
99403 99566 small 1
100413 100514 medium 0
100417 100500 tiny 1
100645 100786 tiny 1
100990 101128 small 1
101476 101556 small 1
101983 102096 medium 0
102180 102336 medium 1
102415 102649 small 1
102543 102690 tiny 1
102771 102907 tiny 1
103375 103489 medium 1
103428 103674 small 1
103958 104374 small 1
104633 104706 small 1
104818 105072 tiny 1
105232 105320 small 1
105456 105573 tiny 1
105880 106056 small 1
106158 106354 tiny 1
106251 106370 small 1
106665 106755 tiny 1
106879 106981 tiny 1
106969 107107 small 1
107736 107863 small 1
108307 108439 medium 1
109199 109238 tiny 1
109434 109539 small 1
110195 110370 tiny 1
110951 111116 tiny 1
111437 111565 small 1
112978 113195 small 1
112993 113154 tiny 0
113112 113230 tiny 1
113345 113469 small 1
114192 114295 tiny 1
114212 114321 small 1
114765 115011 tiny 1
114826 114953 small 1
115626 115839 small 1
115859 116029 tiny 1
116350 116505 medium 1
117682 117831 tiny 1
117831 117892 small 1
118155 118290 tiny 1
118182 118415 small 1
118314 118363 medium 0
118677 118774 small 1
118963 119246 small 1
119451 119676 medium 1
120034 120238 small 1
120424 120532 small 1
120541 120694 tiny 1
120702 120792 medium 1
121196 121259 small 1
121479 121625 tiny 1
122035 122098 medium 0
122448 122601 tiny 1
123194 123355 medium 1
123826 123912 tiny 1
124024 124176 medium 1
124508 124629 small 1
125324 125461 small 1
125605 125708 tiny 1
125757 125849 small 1
126094 126174 small 1
126298 126406 medium 0
127896 128150 tiny 1
128030 128091 medium 0
128112 128265 small 1
128312 128502 medium 0
128352 128750 small 1
128740 128854 tiny 1
128828 128936 small 1
129345 129462 small 1
129524 129672 small 1
