#base_trace: g5k06, config_file: configs/personal/personal-config18.xml, total_servers: 6, total_time: 86400, time_dist_mean: 2.450000, time_dist_stdev: 0.640000, node_dist_mean: 2.140000, node_dist_stdev: 1.180000
0 141 medium 0
767 1101 tiny 1
813 1135 medium 0
873 1045 tiny 0
1419 1971 tiny 1
1421 1798 tiny 0
2494 2831 medium 0
2545 3088 tiny 1
2596 3073 tiny 0
3202 3405 small 0
3960 4332 tiny 1
6463 6792 tiny 1
7041 7575 medium 0
7423 7604 tiny 1
7832 8273 tiny 1
8195 8493 small 1
8585 8841 tiny 1
9105 9732 medium 0
9734 9947 tiny 1
9785 10001 tiny 0
10067 11137 medium 0
10848 11186 tiny 1
10930 11230 tiny 0
12539 13028 small 1
13077 13266 medium 0
13777 14342 medium 0
13916 14201 tiny 1
14043 14338 tiny 0
14471 14781 tiny 1
14479 14817 tiny 0
15102 15440 tiny 0
15128 15333 tiny 1
15837 17663 medium 0
16117 16255 small 0
16234 16721 tiny 1
16432 16539 tiny 0
17472 17754 tiny 1
17552 17875 tiny 0
18555 18807 tiny 1
19291 19864 medium 0
19655 20335 small 1
19726 19973 tiny 1
20553 20894 small 1
20573 21519 medium 0
20613 20921 tiny 0
20637 20770 tiny 1
20811 21082 small 0
22081 23056 medium 0
22921 23365 tiny 1
22993 23297 tiny 0
25232 25616 medium 0
25972 26352 tiny 1
26055 26208 tiny 0
26910 27463 medium 0
27648 28452 tiny 1
28108 28259 tiny 0
29169 29571 medium 0
29758 30347 tiny 1
29945 30119 tiny 0
32349 32506 tiny 0
32351 32504 medium 0
32385 32611 tiny 1
32653 32842 small 1
32748 33118 tiny 1
34317 35464 tiny 1
34624 34858 tiny 0
35027 35371 small 0
35083 35263 medium 0
35364 35688 tiny 0
