#base_trace: g5k06, config_file: scheduling//personal-config14.xml, total_servers: 12, total_time: 86400, time_dist_mean: 2.450000, time_dist_stdev: 0.640000, node_dist_mean: 2.140000, node_dist_stdev: 1.180000
39 165 small 2
114 172 tiny 0
176 350 medium 0
273 441 small 0
335 477 tiny 0
442 592 medium 0
575 774 tiny 2
577 692 small 2
824 917 tiny 0
913 1264 small 2
1001 1276 medium 1
1028 1492 tiny 0
1119 1310 tiny 4
1164 1306 tiny 2
1260 1434 small 0
1427 1507 tiny 3
1522 1738 small 2
1550 1608 small 0
1641 1781 tiny 0
1832 2138 small 2
2028 2256 small 0
2368 2445 small 0
2397 2488 tiny 0
2399 2621 medium 1
2489 2561 small 1
2616 2747 tiny 0
2717 2934 small 2
2733 2985 small 0
2994 3035 tiny 0
3342 3420 small 2
3516 3718 tiny 0
3598 3718 small 2
3821 4052 tiny 0
4003 4137 small 0
4256 4380 tiny 0
4292 4360 small 0
4531 4596 medium 1
4627 4744 small 2
4660 4759 medium 0
4745 4881 tiny 0
4834 5005 small 0
5111 5337 small 2
5338 5486 tiny 4
5355 5446 tiny 2
5473 5619 small 2
5625 6194 tiny 0
5683 5812 small 2
6357 6536 small 0
6519 6708 small 1
6561 6677 tiny 2
6590 6656 tiny 0
6685 6906 small 0
6803 6902 tiny 0
6910 7041 tiny 2
7189 7396 tiny 0
7236 7417 tiny 4
7249 7380 small 2
7251 7415 tiny 2
7645 7981 tiny 0
7738 7888 medium 1
7790 7904 small 0
8031 8148 small 2
8093 8566 tiny 0
8517 8574 tiny 2
8562 8720 tiny 1
8742 8833 small 2
8748 8827 tiny 0
9213 9330 small 0
9335 9469 small 2
9436 9559 tiny 1
9549 9646 tiny 0
9667 9791 small 2
9890 10264 tiny 0
9901 10046 small 2
10164 10311 small 2
10303 10404 medium 1
10435 10524 small 2
10593 10729 small 0
10665 10793 tiny 0
10856 10979 small 0
10920 10995 tiny 0
10957 11151 medium 1
10989 11111 small 2
11137 11262 tiny 0
11193 11315 small 0
11355 11597 tiny 0
11366 11516 small 2
11725 11800 tiny 3
11751 11941 small 0
11755 11822 tiny 2
11836 11979 tiny 0
11840 11963 small 2
11928 12071 small 1
12086 12327 tiny 0
12116 12213 small 2
12239 12318 small 0
12400 13127 tiny 0
12538 12684 small 0
12695 12786 small 2
12765 12911 tiny 2
12830 12892 tiny 4
12938 13007 small 2
13079 13168 medium 1
13310 13438 tiny 0
13434 13549 small 2
13492 13632 tiny 0
13594 13793 small 0
13610 13725 tiny 1
13742 13840 tiny 0
14038 14133 tiny 0
14209 14690 tiny 0
14328 14441 small 2
14740 14855 small 0
15109 15223 tiny 0
15118 15158 small 2
15187 15346 tiny 4
15229 15425 tiny 2
15338 15458 small 2
15447 15515 tiny 0
15540 15672 small 2
15907 16033 small 2
15955 15993 tiny 2
16014 16135 small 1
16178 16643 tiny 0
16244 16366 tiny 2
16292 16513 small 2
16312 16361 tiny 4
16848 17002 tiny 0
16985 17072 tiny 2
16998 17128 small 0
17096 17273 tiny 0
17278 17394 tiny 1
17381 17756 small 0
17439 17552 tiny 0
17561 17694 small 2
17737 17820 tiny 0
17989 18080 medium 0
18317 18462 small 0
18920 19558 tiny 0
19021 19153 small 0
19022 19154 tiny 5
19047 19182 small 3
19484 19661 small 2
19668 19791 tiny 0
19789 19896 medium 1
19887 20000 small 2
19907 20033 small 0
20080 20228 tiny 5
20087 20257 small 3
20105 20516 tiny 0
20432 20572 small 2
20510 20616 small 0
20571 20711 tiny 4
20636 20731 tiny 2
20800 20933 tiny 0
20820 20978 tiny 2
20832 20945 tiny 4
21077 21202 small 0
21078 21199 small 2
21334 21420 tiny 0
21563 21673 small 2
21568 21698 tiny 4
21587 21701 tiny 2
21696 21755 tiny 0
21753 21910 tiny 2
21797 21917 tiny 4
22129 22413 tiny 0
22494 22595 small 2
22876 22964 tiny 0
23009 23094 tiny 2
23131 23202 tiny 0
23368 23431 small 2
23398 23457 tiny 0
23445 23718 small 0
24053 24179 small 2
24341 24407 small 0
24449 24526 small 2
24587 24680 small 0
24768 25273 tiny 0
24772 25035 small 0
24997 25196 tiny 1
