#base_trace: websites02, config_file: configs/personal/personal-config18.xml, total_servers: 6, total_time: 86400, time_dist_mean: 2.430000, time_dist_stdev: 0.300000, node_dist_mean: 1.650000, node_dist_stdev: 1.220000
0 50 medium 0
642 1033 medium 0
787 1083 tiny 1
873 1045 tiny 0
1401 1550 tiny 1
1421 1798 tiny 0
2434 3156 tiny 1
2596 3073 tiny 0
2625 2886 medium 0
3051 3586 small 0
4022 4456 tiny 1
6392 6634 tiny 1
7061 7608 medium 0
7443 7696 tiny 1
7871 8291 tiny 1
8177 8521 small 1
8473 8920 tiny 1
9450 9856 medium 0
9785 10001 tiny 0
9817 10101 tiny 1
10082 10403 medium 0
10900 11291 tiny 1
10930 11230 tiny 0
12334 12851 small 1
13743 14075 medium 0
14025 14148 tiny 1
14043 14338 tiny 0
14479 14817 tiny 0
14601 14963 tiny 1
15102 15440 tiny 0
15224 15520 tiny 1
15737 16046 medium 0
16319 16781 tiny 1
16432 16539 tiny 0
16606 17504 medium 0
17552 17875 tiny 0
17557 17746 tiny 1
18398 18801 tiny 1
19305 20098 medium 0
19674 20188 small 1
19699 19956 tiny 1
20511 20790 tiny 1
20547 20996 medium 0
20613 20921 tiny 0
20996 21084 small 0
22632 23038 medium 0
22993 23297 tiny 0
23083 23300 tiny 1
25848 26173 tiny 1
26055 26208 tiny 0
26768 27572 medium 0
27994 28348 tiny 1
28108 28259 tiny 0
29329 29615 medium 0
29940 30433 tiny 1
29945 30419 tiny 0
32299 32570 tiny 1
32349 32506 tiny 0
32588 32974 small 1
32913 33115 tiny 1
34431 34969 tiny 1
34624 34858 tiny 0
34883 35287 small 0
35364 35688 tiny 0
35376 35443 tiny 1
