#base_trace: g5k06, config_file: configs/scheduling/personal-config08.xml, total_servers: 9, total_time: 86400, time_dist_mean: 2.450000, time_dist_stdev: 0.640000, node_dist_mean: 2.140000, node_dist_stdev: 1.180000
0 80 tiny 1
0 54 medium 2
152 332 small 0
239 298 tiny 2
274 453 tiny 1
305 415 medium 2
679 791 tiny 1
713 834 tiny 2
1047 1525 tiny 2
1275 1358 small 0
1675 1759 tiny 2
1714 1858 tiny 1
2333 2631 tiny 2
2435 2585 small 0
2484 2619 medium 1
2624 2676 small 2
2751 2859 tiny 2
3038 3210 medium 2
3069 3277 tiny 2
3082 3161 tiny 1
3158 3338 small 0
3190 3339 medium 1
3336 3433 tiny 0
3666 3757 tiny 2
3946 4062 medium 1
3956 4026 small 0
4033 4111 small 2
4194 4282 tiny 2
4637 4768 small 1
4650 4728 small 2
4833 4957 tiny 1
4898 5007 medium 2
4911 4957 medium 0
5246 5337 tiny 1
5361 5486 small 2
5591 5824 tiny 2
5611 5721 small 0
5918 6049 tiny 2
6529 6900 tiny 2
6687 6794 tiny 1
6999 7175 tiny 2
7552 7665 small 0
7614 7781 tiny 2
7852 7989 tiny 2
8120 8205 small 0
8160 8226 medium 1
8516 8756 tiny 2
8744 8873 small 0
8857 9228 tiny 2
9035 9215 medium 1
9075 9221 small 0
9712 10001 tiny 2
9815 9943 medium 1
9832 9895 small 0
10155 10425 tiny 2
10247 10392 tiny 0
10531 10634 tiny 2
10594 10771 medium 2
10620 10768 tiny 1
10876 11241 tiny 2
11013 11139 small 2
11552 11753 tiny 2
11688 11809 small 0
11698 11840 tiny 1
12089 12164 tiny 2
12305 12477 tiny 1
12305 12422 small 0
12310 12396 medium 0
12340 12447 medium 2
12720 12779 tiny 2
12885 12992 medium 2
12904 13032 medium 0
12916 13058 tiny 1
13057 13150 tiny 2
13272 13401 tiny 2
13274 13421 tiny 1
13303 13394 medium 0
13308 13355 medium 2
13650 13747 tiny 2
14009 14235 tiny 2
14275 14320 tiny 0
14323 14871 tiny 2
14613 14753 tiny 1
15057 15161 tiny 2
15423 15526 tiny 1
15452 15579 medium 2
15759 15892 tiny 2
16119 16882 tiny 2
16234 16372 tiny 1
17269 17518 tiny 2
17734 17801 tiny 2
18041 18158 small 2
18083 18184 tiny 2
18306 18398 small 2
18563 18661 small 0
19264 19358 tiny 2
19635 19783 tiny 1
19651 19719 medium 1
19653 19722 tiny 2
19654 19876 small 0
19899 20101 tiny 2
20118 20231 small 0
20435 20738 tiny 2
20706 20856 small 1
20949 21220 tiny 2
21577 21648 small 2
21597 21686 tiny 2
22054 22158 small 2
22120 22264 tiny 2
22475 22635 tiny 2
22494 22777 medium 1
22557 22779 small 0
22909 23086 tiny 2
23206 23512 tiny 2
23937 24053 tiny 2
23960 24031 small 0
24233 24402 tiny 2
24646 24805 small 0
25016 25185 medium 2
25056 25138 medium 0
25076 25112 tiny 1
25186 25279 tiny 2
25549 25639 tiny 2
25749 26231 tiny 2
26491 26621 tiny 2
26738 26808 small 2
26819 27094 medium 1
26837 27040 small 0
26937 27063 tiny 2
27340 27407 small 0
27344 27435 medium 1
27451 27515 tiny 2
27896 28056 tiny 1
27913 28174 tiny 2
27934 28008 medium 2
28402 28549 tiny 2
28613 28758 tiny 2
28876 28990 small 1
28997 29199 tiny 2
29457 29560 medium 1
29491 29578 tiny 2
29492 29610 small 0
29725 29817 tiny 2
29734 29871 tiny 0
29860 29997 small 0
29980 30086 small 2
30052 30339 tiny 2
30393 30527 medium 0
30411 30535 tiny 2
30421 30564 tiny 1
30446 30579 medium 2
30567 30832 medium 1
30586 30781 small 0
30998 31164 tiny 0
31233 31430 tiny 2
31661 31794 tiny 0
31748 31885 tiny 2
32231 32935 tiny 2
33045 33228 tiny 2
33090 33179 small 0
33523 33681 small 0
33577 33824 tiny 2
33591 33666 small 1
33827 33902 tiny 1
33908 34113 tiny 2
34077 34131 small 2
34436 34545 tiny 2
34666 34868 tiny 2
34885 34957 small 0
35001 35227 tiny 2
35251 35326 small 2
35317 35480 tiny 2
35720 35830 small 2
35974 36060 tiny 2
36330 36423 tiny 2
36808 36872 tiny 2
37051 37428 tiny 2
37171 37250 tiny 1
37998 38135 small 0
38021 38127 tiny 2
38079 38273 medium 2
38108 38217 tiny 1
38205 38360 tiny 2
38479 38601 tiny 2
38927 39095 tiny 2
39205 39518 tiny 2
39793 40055 tiny 1
39805 39878 tiny 2
39816 39881 small 1
39818 40017 medium 2
40651 40779 tiny 2
40870 40960 small 0
40909 41006 tiny 2
41095 41240 tiny 0
41606 41973 tiny 2
42275 42472 tiny 2
42398 42709 small 0
42570 42690 medium 1
43189 43240 tiny 2
43718 43875 medium 1
43732 43881 tiny 2
43745 43884 small 0
43774 43877 tiny 1
44448 44607 tiny 2
44795 44984 tiny 1
44853 44984 tiny 2
44867 44966 medium 2
45450 45521 tiny 2
45653 45787 medium 2
45676 45798 tiny 1
46007 46140 small 1
46414 46488 tiny 2
47019 47245 tiny 2
47379 47434 tiny 2
47686 47817 small 2
47755 47851 tiny 2
48034 48168 medium 1
48062 48181 small 0
48100 48318 tiny 2
48542 48718 tiny 1
48665 48830 small 0
48700 48882 tiny 2
48777 48936 small 2
49047 49149 tiny 2
49289 49395 tiny 2
49597 49734 tiny 2
49850 50147 tiny 2
50395 50437 tiny 2
50801 50936 small 0
51095 51232 tiny 2
51279 51394 tiny 1
51427 51591 tiny 2
51535 51664 small 0
51588 51664 medium 1
51681 51759 tiny 2
51775 51913 small 1
52057 52130 tiny 2
52251 52368 tiny 2
52267 52353 small 0
52312 52401 tiny 0
52318 52376 medium 1
52881 53025 small 0
52912 53001 medium 1
52988 53135 tiny 2
53442 53595 small 2
53472 53558 small 0
53624 53753 tiny 2
53700 53873 tiny 0
53860 53956 tiny 2
53962 54057 small 0
53987 54111 medium 1
54046 54212 small 1
54206 54417 tiny 2
54516 54664 tiny 2
54888 55010 small 0
54931 55030 tiny 1
54936 55048 medium 1
55030 55171 tiny 2
55240 55437 small 1
56002 56145 tiny 2
56277 56351 tiny 1
56314 56611 small 1
56345 56459 small 0
56346 56470 medium 1
56394 56465 tiny 2
56560 56750 tiny 2
56813 57101 tiny 2
57037 57202 small 1
57191 57431 tiny 1
57216 57356 tiny 2
57328 57424 medium 2
57455 57642 tiny 2
57462 57575 small 0
57807 58233 tiny 2
57878 58046 small 1
58365 58477 small 0
58376 58484 tiny 1
58732 58858 tiny 1
58750 58872 medium 2
58992 59122 small 0
59279 59343 tiny 2
59453 59755 tiny 2
59990 60081 tiny 1
60060 60427 tiny 2
60352 60434 tiny 1
60550 60643 tiny 2
61382 61676 tiny 2
61848 61976 small 0
61887 61989 medium 0
61891 61980 tiny 1
61903 62034 medium 2
61904 61970 tiny 0
62130 62373 tiny 2
62575 62711 tiny 2
62811 62939 small 0
62833 62915 medium 1
63226 63311 tiny 2
63448 63561 small 0
63640 63802 medium 2
63695 63758 tiny 1
63910 64065 small 1
64431 64507 tiny 2
64479 64609 medium 0
64506 64607 tiny 1
64527 64646 medium 2
64617 65024 tiny 2
65383 65443 tiny 2
65593 65742 tiny 2
65738 65860 small 2
66171 66318 medium 2
66202 66345 tiny 1
66691 66802 tiny 0
66813 66888 tiny 2
67038 67244 tiny 2
67497 67654 medium 1
67531 67592 small 0
67958 68084 tiny 2
68328 68436 tiny 2
68576 68687 tiny 2
69100 69204 tiny 2
69193 69324 tiny 1
69291 69459 small 0
69429 69575 tiny 1
69685 69769 tiny 2
69916 70292 tiny 2
70176 70279 small 1
70487 70671 tiny 2
71107 71350 tiny 2
71317 71451 small 0
71361 71484 medium 1
71391 71499 tiny 1
71704 71932 tiny 2
72112 72170 small 0
72329 72414 tiny 2
72528 72664 medium 1
72535 72672 small 0
72666 72758 medium 2
72668 72812 tiny 2
72695 72816 tiny 1
72946 73077 tiny 2
73186 73258 tiny 2
73660 73736 tiny 2
73855 73955 tiny 2
73862 73957 medium 2
73882 73963 tiny 1
74351 74461 tiny 2
74689 74966 tiny 2
75048 75176 tiny 1
75107 75183 medium 2
75307 75433 tiny 2
76042 76433 tiny 2
76545 76605 tiny 2
76963 77100 tiny 2
77364 77465 tiny 1
77366 77578 tiny 2
77371 77458 medium 2
77693 77792 tiny 2
77955 78086 tiny 1
77956 78205 tiny 2
77962 78034 medium 2
78154 78302 tiny 0
78192 78298 small 2
78519 78693 tiny 0
78633 78951 tiny 2
79527 79727 tiny 2
80125 80232 tiny 2
80446 80590 tiny 2
81440 81575 tiny 1
81679 81812 tiny 2
81756 81935 small 0
81827 81912 medium 1
81954 82007 tiny 1
82035 82182 tiny 2
82777 83033 tiny 2
83444 83634 tiny 2
83708 83803 small 2
83939 84177 tiny 2
84767 84949 tiny 2
85012 85111 tiny 2
85036 85177 tiny 0
85423 85481 tiny 2
85719 85988 tiny 2
85786 85877 small 2
85859 85984 small 0
86337 86483 tiny 1
86386 86467 medium 2
86469 86700 tiny 2
86809 86971 tiny 2
87475 87717 tiny 2
87924 88521 tiny 2
88606 88795 tiny 2
88772 88916 tiny 1
88776 88883 medium 2
89022 89099 tiny 2
89090 89256 small 1
89325 89438 tiny 2
89372 89466 tiny 1
89374 89436 medium 0
89375 89481 medium 2
89673 89848 tiny 2
89808 89983 medium 0
89863 89984 tiny 1
89877 89973 medium 2
89981 90074 small 0
90111 90196 tiny 2
90563 90701 tiny 2
90771 90913 small 1
90890 91070 tiny 2
91262 91383 tiny 1
91266 91405 small 1
91297 91404 medium 2
91547 91744 tiny 2
91878 92077 tiny 2
92204 92340 tiny 2
92333 92473 medium 1
92365 92511 small 0
92569 92811 tiny 2
92971 93081 tiny 1
92986 93113 medium 2
93118 93208 small 1
93719 93837 small 2
93997 94165 small 1
94156 94264 tiny 2
94244 94431 medium 1
94282 94363 small 0
94401 94533 tiny 2
95264 95453 tiny 2
95608 95734 small 0
95611 95685 tiny 2
95963 96083 tiny 2
96642 96762 tiny 2
96931 97015 tiny 2
97116 97301 small 1
97251 97546 small 0
97312 97370 medium 1
97371 97771 tiny 2
97913 98028 tiny 2
98137 98211 small 1
98558 98727 medium 2
98583 98712 small 2
98616 98746 tiny 1
98809 99173 tiny 2
99548 99786 tiny 2
99636 99884 small 0
99646 99954 medium 1
99951 100014 tiny 2
100159 100268 tiny 2
100382 100509 tiny 2
100618 100744 tiny 1
100639 100743 medium 0
100668 100793 medium 2
101007 101139 tiny 1
101379 101456 tiny 2
101828 102174 tiny 2
102164 102535 small 0
102166 102512 medium 1
102429 102575 tiny 2
102779 102950 medium 1
102794 102940 small 0
102935 103011 tiny 2
103199 103243 tiny 2
103507 103619 tiny 2
103602 103794 tiny 1
103611 103732 medium 2
103978 104110 medium 2
104032 104076 tiny 1
104257 104334 tiny 2
104387 104443 small 0
104570 104826 tiny 2
104817 104981 tiny 0
104960 105069 tiny 2
105119 105195 tiny 1
105167 105343 small 2
105226 105290 tiny 2
105469 105512 tiny 0
105517 105701 tiny 2
105792 105913 tiny 1
105793 106153 tiny 2
106114 106235 tiny 0
106550 106658 small 1
107276 107343 tiny 2
107857 107954 tiny 2
108582 108705 tiny 2
108710 108818 tiny 1
109051 109138 tiny 2
109670 109718 tiny 2
109849 110001 tiny 1
109878 110012 medium 2
110362 110555 tiny 2
110954 111095 tiny 0
111202 111296 tiny 2
111417 111538 tiny 2
111910 112030 tiny 2
111920 112064 small 0
112168 112313 tiny 2
112295 112354 small 1
112315 112372 tiny 1
112655 112786 tiny 2
112970 113120 small 1
113033 113366 tiny 1
113072 113273 small 2
113216 113366 medium 2
113221 113311 tiny 2
113435 113633 tiny 2
113932 114160 tiny 2
114455 114671 tiny 2
114901 115170 tiny 2
115425 115544 tiny 2
115672 115744 tiny 2
115913 115967 tiny 0
116131 116242 tiny 2
116372 116577 tiny 2
116611 116725 small 0
116709 117031 tiny 2
117303 117457 tiny 2
118168 118297 tiny 0
118236 118386 tiny 2
118237 118402 small 0
118259 118370 medium 1
118317 118404 tiny 1
118477 118612 tiny 2
118518 118602 medium 2
118540 118659 tiny 1
119072 119238 small 2
119447 119628 tiny 1
119507 119853 tiny 2
119520 119634 medium 2
119927 120058 tiny 2
120081 120215 small 2
120153 120292 small 1
120169 120320 medium 2
120208 120319 medium 0
120231 120346 tiny 1
120396 120546 medium 0
120430 120544 tiny 1
120479 120514 medium 2
120560 120646 tiny 0
121019 121253 tiny 2
121500 121720 tiny 2
121511 121640 tiny 0
121632 121725 medium 1
121665 121718 small 0
121773 121874 tiny 1
121968 122120 tiny 2
122211 122369 tiny 2
122379 122437 tiny 1
122400 122505 small 1
122619 122698 tiny 2
122742 122847 small 0
123060 123203 tiny 2
123404 123598 tiny 2
123815 123920 tiny 2
123879 124044 medium 0
123894 124069 tiny 1
123936 124053 medium 2
124260 124364 tiny 2
124762 124907 small 0
124788 124897 tiny 2
124966 125277 tiny 2
125476 125570 tiny 2
125793 125941 small 0
125825 125939 tiny 2
126291 126531 tiny 2
127002 127164 medium 0
127023 127143 small 0
127048 127127 medium 2
127060 127125 tiny 1
127114 127266 tiny 2
127618 127719 tiny 2
127796 127875 tiny 1
127854 128152 small 0
127988 128126 tiny 2
128029 128154 medium 1
128330 128461 tiny 2
128634 128687 tiny 2
128714 128800 tiny 0
128860 128998 small 2
129069 129165 tiny 1
