#base_trace: websites02, config_file: configs/scheduling/personal-config16.xml, total_servers: 6, total_time: 86400, time_dist_mean: 2.430000, time_dist_stdev: 0.300000, node_dist_mean: 1.650000, node_dist_stdev: 1.220000
0 114 small 0
220 282 small 1
436 577 tiny 1
459 536 medium 1
712 756 small 0
1066 1138 medium 0
1540 1616 medium 0
1647 1749 small 1
1855 1955 medium 0
2097 2261 tiny 1
2639 2715 small 0
3072 3193 small 0
3089 3195 small 1
3349 3392 tiny 1
3350 3458 small 0
3428 3654 medium 1
3551 3661 medium 0
3754 3875 tiny 1
4009 4281 small 0
4117 4254 small 1
4489 4646 medium 0
4673 4746 tiny 0
4675 4732 small 0
5153 5486 small 0
5690 5867 small 1
5954 6095 tiny 1
5995 6037 small 1
6837 6924 small 0
7055 7192 small 1
7180 7299 small 0
7509 7655 medium 1
7607 7908 small 0
8031 8146 small 0
8470 8584 small 0
8827 8991 small 1
8973 9074 small 0
9219 9277 small 0
9534 9829 small 0
10161 10239 small 1
10295 10491 medium 1
10313 10487 tiny 1
10900 11445 small 0
11017 11090 small 1
11039 11083 medium 1
11756 11835 small 0
12051 12168 small 1
12669 12765 small 0
13079 13138 small 0
13147 13259 medium 1
13267 13393 medium 0
13642 13793 medium 0
13897 13974 medium 1
14108 14255 small 1
14248 14377 tiny 1
15290 15426 medium 1
15560 15669 medium 1
15713 15834 small 0
16066 16130 medium 1
16400 16486 tiny 1
16664 16913 small 1
17025 17085 medium 0
17127 17245 small 0
17197 17381 medium 1
17323 17460 medium 0
17395 17479 small 0
17813 17991 small 0
18073 18193 medium 1
18111 18219 small 0
18309 18397 small 0
18546 18637 small 0
18836 19143 medium 1
19434 19522 small 0
19631 19744 small 0
19838 19969 small 0
20126 20218 medium 0
20329 20460 small 0
20559 20735 small 0
20730 20864 tiny 0
20737 20834 medium 1
21294 21461 small 0
21532 21669 small 0
22076 22316 small 0
22151 22280 tiny 1
22180 22276 small 1
22613 22712 medium 0
22657 22908 small 0
22902 23025 medium 1
23006 23097 small 1
23392 23441 small 0
23595 23745 small 0
24211 24314 small 0
24331 24418 medium 1
24676 25041 small 0
24710 24758 medium 1
25516 25645 medium 0
25712 26033 small 0
25994 26080 tiny 1
26602 26675 medium 1
26729 26804 small 0
26842 26936 medium 1
28200 28259 small 0
28857 28984 tiny 0
29683 29840 tiny 1
29977 30070 small 0
30033 30231 medium 0
30057 30178 medium 1
30310 30430 medium 1
30688 30833 medium 1
30935 31066 medium 1
30994 31173 tiny 1
31261 31351 medium 1
31512 31641 small 0
31639 31751 tiny 1
32487 32567 medium 0
32556 32704 small 1
33090 33187 small 0
33275 33473 medium 1
33449 33555 small 0
33576 33673 tiny 0
33754 33898 tiny 1
33763 33951 small 0
34017 34121 small 0
34852 34960 medium 1
35005 35232 medium 0
35135 35351 medium 1
35199 35332 small 0
35559 35842 small 0
35566 35710 medium 0
35581 35730 medium 1
35989 36118 small 0
36214 36281 small 0
36225 36344 medium 1
36442 36521 tiny 1
37150 37291 small 1
37279 37412 medium 0
37432 37504 medium 1
37875 38022 medium 0
38433 38557 tiny 1
38491 38602 medium 1
38726 38817 tiny 1
38732 38817 medium 1
39207 39314 tiny 1
39322 39465 small 1
39767 39912 tiny 0
39834 39905 small 1
40149 40231 medium 1
40500 40648 tiny 1
40523 40624 small 0
40657 40793 medium 0
40840 41030 small 1
41098 41240 tiny 1
41204 41394 medium 0
41573 41741 small 1
42336 42476 small 1
43175 43242 small 1
43767 43833 small 1
44104 44198 small 0
44583 44737 medium 1
44733 44802 small 0
44796 45066 medium 1
45539 45657 medium 0
46075 46120 tiny 0
47087 47269 medium 0
47225 47397 tiny 1
47557 47692 medium 1
47572 47671 medium 0
47619 47821 small 0
48239 48303 small 1
48463 48521 medium 0
48676 48818 tiny 1
48755 48938 small 0
48759 48908 medium 0
49853 50035 small 1
49989 50100 medium 0
50340 50467 small 1
50354 50501 tiny 1
51814 51951 tiny 0
51933 52073 tiny 1
52029 52180 small 0
52263 52366 tiny 1
53387 53493 medium 1
53434 53572 tiny 1
53517 53606 small 0
53715 53863 tiny 1
53929 54091 medium 0
54475 54597 medium 0
55120 55264 small 0
55284 55401 medium 0
55715 55875 small 0
56318 56604 tiny 0
56807 56938 medium 1
56950 57043 small 1
57286 57475 medium 0
57422 57596 small 1
57589 57646 small 0
57930 58053 small 1
57956 57992 tiny 1
58136 58416 tiny 1
58366 58552 small 0
58619 58733 medium 1
58741 58884 tiny 1
58782 58859 medium 0
59215 59351 small 1
59267 59342 tiny 1
59577 59693 small 0
60045 60158 medium 0
60451 60530 tiny 1
60953 61002 small 0
61306 61519 small 0
61860 61960 medium 1
61868 61977 tiny 1
62593 62735 tiny 1
62793 62968 medium 0
62869 62959 small 0
63334 63437 tiny 1
63471 63556 medium 0
63669 63911 small 0
64355 64544 tiny 1
64666 64751 small 1
64968 65120 medium 1
65211 65369 medium 1
65483 65621 medium 0
65731 65861 small 0
66676 66798 tiny 1
67977 68103 small 0
68019 68098 medium 1
68090 68270 medium 0
68867 68944 medium 0
69180 69323 medium 1
69404 69598 medium 1
69542 69718 tiny 1
70175 70280 medium 1
70181 70314 tiny 0
70191 70267 small 1
70771 70835 small 0
70980 71084 medium 1
71473 71734 small 0
71838 71917 medium 0
72108 72217 medium 1
72657 72824 small 1
72802 72949 small 0
72886 73197 medium 1
72943 73003 small 1
73276 73370 medium 1
73613 73758 small 0
74585 74699 medium 1
75279 75394 tiny 1
75313 75462 small 1
76011 76131 medium 1
76053 76128 small 1
76997 77079 small 0
77554 77706 medium 1
77718 77804 small 1
77851 77950 tiny 1
78038 78164 small 1
78091 78298 small 0
78237 78311 tiny 1
78538 78639 medium 1
78551 78671 tiny 1
78805 79137 small 0
79376 79484 tiny 1
79732 79899 small 0
80228 80366 medium 1
81172 81298 tiny 1
81890 82021 medium 1
82131 82375 small 0
82674 82727 medium 1
82833 83030 small 0
83448 83556 small 1
83552 83732 medium 1
83708 83845 small 0
85031 85255 small 0
85070 85161 tiny 1
85725 85908 small 0
86017 86144 small 0
86684 86820 medium 0
87188 87273 small 0
87476 87705 small 0
87536 87647 small 1
89095 89240 tiny 0
89209 89331 medium 0
90435 90518 medium 1
90796 90904 medium 0
91312 91401 tiny 0
91426 91508 small 0
91761 91867 small 0
92001 92133 medium 0
92504 92573 medium 0
92740 92844 small 1
93637 93800 small 0
93712 93794 tiny 1
94020 94193 tiny 0
94595 94745 medium 1
94774 94860 small 0
95371 95460 tiny 1
96398 96578 medium 1
96810 96903 small 0
97184 97250 tiny 0
97196 97266 medium 1
98495 98558 tiny 1
98608 98672 small 0
98971 99081 medium 1
100291 100365 medium 0
100386 100487 tiny 1
100405 100489 small 1
100642 100785 tiny 1
101011 101148 small 0
101501 101607 small 0
101956 102092 small 1
102203 102323 medium 0
102405 102680 small 0
102553 102684 tiny 1
102789 102935 tiny 1
103362 103482 medium 0
103399 103641 small 0
103912 104025 medium 1
103967 104255 small 0
104131 104215 medium 0
104480 104565 medium 1
104605 104678 small 0
104871 105099 tiny 1
105205 105278 small 0
105455 105576 tiny 1
105931 106059 small 0
106162 106363 tiny 1
106309 106406 small 0
106544 106673 medium 1
106608 106736 tiny 1
106884 106985 tiny 1
107355 107501 medium 1
107931 108091 medium 0
108353 108468 medium 0
109155 109286 tiny 1
109406 109533 small 0
110152 110215 medium 1
110240 110375 tiny 1
110448 110569 medium 1
110994 111047 tiny 1
111395 111592 small 0
111665 111782 medium 1
112291 112402 tiny 0
112403 112501 medium 1
112954 113102 tiny 0
113029 113200 small 0
113097 113243 tiny 1
113447 113631 small 1
113854 113956 medium 1
114212 114356 tiny 1
115278 115391 medium 1
115557 115659 medium 1
115892 115986 tiny 1
116329 116453 medium 0
116720 116911 medium 1
117703 117824 tiny 1
117766 117925 medium 1
118142 118263 tiny 1
118267 118390 small 1
119092 119241 small 0
119468 119706 medium 0
120048 120207 small 0
120159 120333 tiny 0
120571 120681 tiny 1
120711 120774 medium 0
121173 121304 small 0
