#base_trace: pl05, config_file: configs/scheduling/personal-config7.xml, total_servers: 9, total_time: 86400, time_dist_mean: 2.590000, time_dist_stdev: 0.450000, node_dist_mean: 1.800000, node_dist_stdev: 1.750000
0 100 tiny 1
33 295 small 0
355 414 tiny 1
697 780 small 0
1045 1546 small 0
1244 1381 small 1
1623 1770 small 0
1851 1987 small 0
2098 2592 small 0
2517 2609 small 1
2518 2603 medium 2
2736 2973 small 0
3078 3274 small 0
3081 3231 tiny 1
3202 3285 medium 2
3214 3294 small 1
3465 3555 small 0
3679 3781 small 0
3912 4065 small 1
3956 4061 medium 2
3959 3998 small 0
4063 4176 medium 0
4115 4290 small 0
4511 4676 small 0
4752 5110 small 0
4882 4979 tiny 1
5232 5335 small 0
5565 6171 small 0
5592 5750 small 1
6539 6949 small 0
7042 7191 small 0
7508 7616 small 1
7635 7770 small 0
7861 8014 small 0
8145 8262 small 1
8439 8705 small 0
8808 9201 small 0
9044 9192 small 1
9586 10392 small 0
9780 9884 medium 2
9823 9932 small 1
10265 10415 tiny 0
10525 10628 small 0
10674 10783 tiny 1
10896 11390 small 0
11620 12334 small 0
11689 11837 small 1
12285 12397 small 1
12291 12450 tiny 1
12309 12428 medium 1
12577 12921 small 0
12923 12993 tiny 1
13004 13367 small 0
13261 13368 medium 1
13263 13358 tiny 1
13617 13763 small 0
13986 14234 small 0
14367 14959 small 0
14614 14715 tiny 1
15096 15233 small 0
15408 15536 small 0
15458 15536 tiny 1
15804 16891 small 0
16302 16428 tiny 1
17037 17131 small 0
17227 17502 small 0
17745 17821 small 0
17944 18210 small 0
18114 18163 medium 0
18802 18935 small 0
19187 19377 small 0
19593 19713 tiny 1
19599 19712 medium 2
19605 19727 small 1
19625 19766 small 0
19900 20081 small 0
20515 20751 small 0
20917 21358 small 0
21556 21671 small 0
21794 21949 small 0
22179 22248 small 0
22477 22735 small 1
22522 22674 small 0
22853 23152 small 0
23247 23516 small 0
23965 24099 small 0
24220 24526 small 0
24996 25153 tiny 1
25052 25194 medium 1
25069 25310 small 0
25427 26229 small 0
26465 26612 small 0
26715 26858 small 0
26808 27099 small 1
26918 27173 small 0
27325 27444 small 1
27470 27579 small 0
27766 28315 small 0
27936 28072 tiny 1
28396 28508 small 0
28606 28798 small 0
28886 28952 small 2
28979 29272 small 0
29450 29595 small 1
29489 29630 medium 2
29515 29606 small 0
29726 29874 small 0
29995 30058 medium 0
30080 30292 small 0
30408 30567 tiny 1
30472 30590 small 0
30573 30766 small 1
31034 31126 tiny 0
31180 31508 small 0
31633 31794 tiny 0
31718 32945 small 0
33038 33233 small 0
33112 33186 small 1
33563 33790 small 0
33592 33686 small 2
33905 34117 small 0
34018 34126 medium 0
34370 34848 small 0
34981 35198 small 0
35376 35453 small 0
35982 36051 small 0
36310 36475 small 0
36837 36936 small 0
37069 37671 small 0
37722 37874 small 0
38026 38130 small 0
38138 38239 tiny 1
38235 38355 small 0
38482 38551 small 0
38994 39088 small 0
39165 39599 small 0
39767 40030 tiny 1
39768 39924 small 2
39780 40176 small 0
40511 40751 small 0
40882 41249 small 0
41588 41968 small 0
42316 42402 small 0
42551 42663 small 1
42712 42776 small 0
43122 43238 small 0
43373 43598 small 0
43733 43888 small 1
43761 43873 tiny 1
43763 44028 small 0
44279 44373 small 0
44442 44962 small 0
44801 44922 tiny 1
45425 45543 small 0
45639 45812 small 0
45681 45753 tiny 1
46033 46125 small 2
46363 46538 small 0
46742 46834 small 0
47019 47588 small 0
47741 47996 small 0
48055 48187 small 1
48077 48202 medium 2
48087 48519 small 0
48665 48874 small 0
48830 48891 medium 0
49036 49428 small 0
49607 49725 small 0
49913 50096 small 0
50334 50872 small 0
51043 51585 small 0
51573 51705 small 1
51582 51649 medium 2
51680 51828 small 0
52040 52388 small 0
52318 52425 small 1
52859 53019 small 1
52911 53026 medium 2
52992 53370 small 0
53622 53696 small 0
53824 53970 small 0
53937 54054 small 1
54156 54432 small 0
54575 54681 small 0
54876 55030 small 1
54905 55037 medium 2
55070 55132 small 0
55279 55396 small 0
55480 55770 small 0
55979 56124 small 0
56318 56443 medium 2
56338 56451 small 0
56342 56448 small 1
56351 56598 small 2
56620 56690 small 0
56816 57032 small 0
57231 57307 small 0
57334 57438 tiny 1
57446 58270 small 0
57447 57546 small 1
58376 58604 small 0
58752 58833 tiny 1
58909 59016 small 0
59265 59347 small 0
59434 59755 small 0
59939 60081 tiny 1
60106 60465 small 0
60282 60392 tiny 1
60549 60920 small 0
61268 61596 small 0
61838 62005 tiny 1
61874 62001 small 1
62121 62373 small 0
62581 62729 small 0
62821 62928 medium 2
62874 62984 small 1
63184 63327 small 0
63633 63930 small 0
63658 63806 tiny 1
64069 64180 small 0
64408 64484 small 0
64515 64619 tiny 1
64641 64998 small 0
65362 65446 small 0
65616 65724 small 0
65919 66084 small 0
66209 66297 tiny 1
66759 66930 small 0
67060 67308 small 0
67486 67602 small 1
67492 67635 medium 2
67887 68125 small 0
68374 68434 small 0
68633 68748 small 0
68801 68931 small 0
69082 69167 small 0
69201 69304 tiny 1
69478 69555 tiny 1
69928 70052 small 0
70173 70274 small 2
70185 70289 small 0
70482 70653 small 0
70849 71018 small 0
71126 71378 small 0
71341 71485 small 1
71675 71994 small 0
72332 72459 small 0
72539 72652 small 1
72679 72819 small 0
72699 72793 tiny 1
72883 73046 small 0
73150 73288 small 0
73636 73716 small 0
73855 73969 small 0
73902 74012 tiny 1
74388 74514 small 0
74678 74974 small 0
75114 75182 tiny 1
75353 75426 small 0
75832 75920 small 0
76000 76416 small 0
76491 76610 small 0
76969 77107 small 0
77327 77433 tiny 1
77376 77623 small 0
77754 77859 small 0
77933 78074 tiny 1
77957 78205 small 0
78152 78342 medium 0
78161 78333 tiny 0
78592 78637 tiny 0
78658 78875 small 0
79505 79749 small 0
80132 80241 small 0
80506 80633 small 0
81666 81759 small 0
81753 81915 small 1
82071 82132 small 0
82782 83015 small 0
83517 83614 small 0
83682 83798 medium 0
83923 84206 small 0
84754 84958 small 0
85024 85132 small 0
85436 85499 small 0
85748 85989 small 0
86384 86515 tiny 1
