#base_trace: pl05, config_file: configs/testing/day1/config100.xml, total_servers: 100, total_time: 86400, time_dist_mean: 2.590000, time_dist_stdev: 0.450000, node_dist_mean: 1.800000, node_dist_stdev: 1.750000
0 42 tiny 2
0 86435 tiny 7
0 108 small 7
0 468 medium 7
0 86485 large 6
0 58 large 7
0 76 xlarge 2
0 59 2xlarge 3
0 2590 2xlarge 4
0 1048 2xlarge 7
0 15100 4xlarge 1
0 86436 4xlarge 7
0 47 6xlarge 7
43 181 3xlarge 5
57 306 5xlarge 8
61 180 6xlarge 4
63 187 2xlarge 6
63 650 4xlarge 5
65 221 medium 3
75 202 large 8
82 180 4xlarge 2
94 202 3xlarge 3
101 232 5xlarge 0
104 203 5xlarge 2
114 186 small 5
116 197 tiny 3
155 301 medium 2
160 2635 large 7
168 317 tiny 1
217 410 5xlarge 1
292 399 small 6
312 467 xlarge 2
358 404 6xlarge 7
393 585 3xlarge 5
425 552 2xlarge 9
428 663 3xlarge 3
460 648 5xlarge 7
478 566 5xlarge 8
524 637 3xlarge 9
533 640 small 8
537 685 6xlarge 5
541 675 6xlarge 3
546 719 medium 2
548 655 tiny 1
555 639 6xlarge 7
558 835 medium 7
573 674 5xlarge 1
586 638 xlarge 2
696 756 small 6
752 953 2xlarge 3
753 922 6xlarge 4
760 1062 2xlarge 6
760 887 3xlarge 2
760 915 5xlarge 8
761 1181 3xlarge 3
769 2572 4xlarge 5
834 894 3xlarge 5
839 939 small 7
897 1074 5xlarge 1
936 1048 5xlarge 7
948 1057 xlarge 2
950 1122 medium 7
1048 1124 medium 3
1130 1248 xlarge 2
1140 1281 tiny 8
1162 1894 2xlarge 7
1164 1255 6xlarge 7
1182 1273 tiny 2
1242 1362 5xlarge 7
1244 1422 6xlarge 9
1253 1367 medium 7
1280 1437 3xlarge 3
1303 1371 large 1
1359 1536 4xlarge 9
1362 1491 3xlarge 5
1372 1547 large 4
1383 1545 5xlarge 8
1385 1507 4xlarge 4
1398 1517 tiny 3
1402 1555 medium 3
1413 1480 small 6
1433 1609 xlarge 2
1476 1606 6xlarge 7
1506 2089 3xlarge 3
1524 2088 medium 7
1539 1726 5xlarge 1
1597 1895 2xlarge 3
1605 1730 6xlarge 5
1606 1720 6xlarge 4
1617 1716 2xlarge 6
1622 1742 tiny 4
1628 1746 tiny 1
1628 1772 3xlarge 9
1630 1753 5xlarge 7
1640 1765 small 8
1645 1848 small 7
1646 1769 large 1
1660 1752 6xlarge 9
1666 1756 3xlarge 6
1666 1723 6xlarge 3
1671 1744 small 6
1675 1792 medium 2
1679 1774 2xlarge 5
1717 1831 6xlarge 7
1718 1864 tiny 3
1769 1889 medium 3
1775 1914 xlarge 2
1952 2080 5xlarge 8
1954 2112 5xlarge 1
1984 2114 xlarge 2
1992 2137 6xlarge 4
1993 2127 3xlarge 5
2012 3578 2xlarge 7
2012 2071 2xlarge 9
2017 2120 2xlarge 6
2192 2351 2xlarge 6
2206 2333 3xlarge 8
2210 2370 5xlarge 9
2223 2386 large 1
2223 2352 3xlarge 5
2233 2449 2xlarge 3
2235 5945 medium 7
2235 2393 5xlarge 7
2235 2391 5xlarge 8
2237 2317 3xlarge 3
2242 2464 small 7
2248 2378 large 9
2257 2375 5xlarge 4
2261 2374 6xlarge 9
2275 2340 6xlarge 4
2318 2631 medium 3
2324 2481 tiny 3
2326 2450 5xlarge 2
2337 2448 small 5
2341 2505 tiny 2
2353 2446 large 8
2367 2502 xlarge 2
2386 2554 5xlarge 1
2386 2486 6xlarge 7
2395 2471 tiny 8
2557 2701 2xlarge 6
2625 2739 3xlarge 3
2672 2816 large 8
2683 2862 5xlarge 8
2685 2927 medium 3
2687 2824 5xlarge 2
2692 3054 4xlarge 5
2721 2875 small 5
2725 2957 tiny 3
2744 3045 2xlarge 4
2754 2821 4xlarge 2
2792 2966 2xlarge 8
2794 2961 5xlarge 5
2797 2973 2xlarge 6
2807 2954 6xlarge 4
2809 2991 3xlarge 3
2813 2999 6xlarge 0
2820 2912 3xlarge 0
2824 2922 6xlarge 6
2855 4548 large 7
2857 2986 medium 6
2920 3434 6xlarge 7
2942 3234 2xlarge 3
2962 3706 xlarge 2
2998 3212 small 7
3033 3197 6xlarge 2
3041 3224 small 1
3042 3184 3xlarge 2
3053 3238 3xlarge 5
3066 3222 5xlarge 3
3073 3324 5xlarge 8
3079 3223 large 0
3083 3552 5xlarge 1
3093 3237 4xlarge 3
3109 3214 6xlarge 1
3222 3418 4xlarge 5
3225 3637 2xlarge 4
3284 3393 medium 9
3302 3434 tiny 6
3310 3453 tiny 2
3314 3460 3xlarge 7
3324 3456 4xlarge 8
3349 3474 tiny 8
3397 3592 3xlarge 3
3427 3583 6xlarge 4
3476 3549 2xlarge 6
3526 3670 large 8
3529 3663 medium 3
3545 3899 2xlarge 3
3552 3702 6xlarge 7
3554 3697 5xlarge 2
3555 3921 small 7
3559 3699 tiny 3
3592 3646 4xlarge 5
3640 3791 2xlarge 7
3659 3818 5xlarge 7
3683 3754 3xlarge 5
3684 3810 3xlarge 3
3688 3775 small 6
3714 3823 5xlarge 8
3755 3877 xlarge 2
3783 4290 4xlarge 5
3799 3945 6xlarge 7
3802 5157 2xlarge 4
3882 4001 2xlarge 6
3883 4047 3xlarge 8
3884 4037 5xlarge 9
3886 4038 3xlarge 3
3894 4154 medium 3
3912 4132 5xlarge 1
3916 4065 small 6
3944 4069 tiny 1
3954 4049 6xlarge 4
4008 4473 2xlarge 7
4034 4136 large 8
4063 4194 tiny 3
4068 4133 5xlarge 2
4133 4359 3xlarge 3
4235 4493 3xlarge 5
4244 4406 2xlarge 1
4258 4405 6xlarge 7
4260 4370 5xlarge 1
4264 4431 xlarge 3
4271 4428 medium 3
4285 4362 4xlarge 0
4296 4366 medium 0
4299 4405 2xlarge 9
4304 4391 xlarge 2
4305 4508 5xlarge 8
4317 4390 xlarge 0
4319 4376 xlarge 6
4354 4479 5xlarge 9
4355 4555 3xlarge 8
4397 4672 small 7
4434 4974 4xlarge 5
4438 4672 2xlarge 3
4478 4651 medium 3
4479 4596 large 8
4500 4663 tiny 3
4511 4646 5xlarge 7
4512 4793 5xlarge 1
4526 4649 5xlarge 2
4529 4637 large 1
4541 4601 6xlarge 9
4560 4669 3xlarge 6
4625 4751 xlarge 2
4640 5002 2xlarge 7
4660 4711 6xlarge 7
4672 5336 large 7
4674 4753 3xlarge 3
4832 5007 5xlarge 1
4832 4974 5xlarge 9
4856 5089 small 7
4888 4964 3xlarge 8
4895 4989 tiny 1
4916 5118 2xlarge 3
4952 5226 xlarge 6
4962 5096 2xlarge 6
4966 5156 5xlarge 0
4972 5083 6xlarge 4
4980 5111 5xlarge 2
4986 5276 xlarge 3
4986 5227 3xlarge 3
4988 5239 2xlarge 9
5000 5101 small 5
5007 5107 large 8
5013 5215 3xlarge 5
5023 5125 4xlarge 2
5025 5206 5xlarge 8
5027 5096 medium 3
5031 5114 tiny 3
5103 5723 2xlarge 7
5135 5227 2xlarge 1
5150 5219 xlarge 2
5152 5251 6xlarge 7
5202 5508 3xlarge 6
5220 5389 medium 3
5227 5362 tiny 3
5229 5573 4xlarge 5
5234 5447 large 1
5238 5461 6xlarge 9
5239 5561 2xlarge 4
5261 5570 5xlarge 1
5275 5497 5xlarge 7
5339 5476 2xlarge 5
5343 5472 xlarge 8
5357 5507 small 9
5363 5501 medium 4
5374 5439 tiny 4
5382 5513 3xlarge 1
5391 5562 3xlarge 3
5400 5473 3xlarge 4
5434 5813 medium 3
5453 6034 large 7
5566 5749 tiny 2
5578 5731 xlarge 2
5579 5699 small 9
5594 5693 6xlarge 7
5596 5718 xlarge 8
5614 5683 medium 4
5640 5865 tiny 3
5710 5963 3xlarge 3
5746 6169 2xlarge 4
5792 5955 small 7
5802 5950 large 9
5824 5984 2xlarge 3
5827 6881 2xlarge 7
5843 5957 4xlarge 5
5855 5931 5xlarge 4
5877 5940 3xlarge 8
5878 5955 5xlarge 9
5930 6056 6xlarge 7
5941 6056 xlarge 2
6047 6173 5xlarge 8
6052 6183 3xlarge 5
6058 6189 2xlarge 6
6065 6236 6xlarge 4
6076 6800 medium 7
6094 6443 3xlarge 3
6158 6292 3xlarge 7
6159 6291 6xlarge 7
6169 6318 xlarge 2
6193 6757 large 7
6196 6359 tiny 6
6203 6296 tiny 8
6208 6318 medium 9
6235 6321 tiny 2
6236 6303 5xlarge 1
6273 6451 tiny 9
6275 6410 5xlarge 9
6278 6391 5xlarge 5
6288 6472 small 7
6289 6393 xlarge 4
6290 6398 5xlarge 2
6296 6416 2xlarge 3
6298 6446 3xlarge 0
6312 6439 2xlarge 8
6314 6408 tiny 3
6314 6447 2xlarge 6
6316 6449 large 8
6319 6663 2xlarge 4
6335 6411 medium 6
6343 6394 6xlarge 0
6344 6444 6xlarge 4
6346 6405 6xlarge 6
6352 6583 4xlarge 5
6356 6422 medium 3
6356 6395 3xlarge 8
6514 6771 tiny 3
6519 6638 5xlarge 1
6534 6787 large 8
6539 6688 4xlarge 2
6546 6704 2xlarge 6
6547 6795 5xlarge 2
6557 6713 small 7
6561 6788 medium 3
6575 6801 3xlarge 3
6579 6782 small 5
6581 6697 6xlarge 4
6655 6789 3xlarge 5
6656 6754 5xlarge 8
6674 6756 6xlarge 7
6712 6820 xlarge 2
6901 7074 2xlarge 4
6947 7023 4xlarge 5
6950 7025 5xlarge 8
6956 7232 medium 7
6960 7074 medium 3
7064 7786 large 7
7137 7236 2xlarge 7
7139 7284 small 6
7140 7239 small 9
7140 7232 5xlarge 1
7157 7289 xlarge 8
7160 7362 4xlarge 5
7197 7266 medium 4
7198 7257 tiny 1
7198 7426 2xlarge 4
7241 7532 6xlarge 9
7254 7479 5xlarge 7
7265 7419 xlarge 2
7303 7525 large 1
7354 7478 3xlarge 6
7361 7665 xlarge 8
7364 7638 medium 4
7386 7614 3xlarge 3
7404 7512 2xlarge 3
7405 7501 3xlarge 5
7406 7631 small 9
7408 7493 2xlarge 5
7418 7760 2xlarge 7
7419 7528 small 4
7420 7526 3xlarge 1
7422 7476 medium 1
7423 7501 3xlarge 4
7430 7531 2xlarge 0
7434 7521 tiny 4
7437 7524 5xlarge 8
7438 7505 small 7
7474 7955 5xlarge 1
7491 7602 2xlarge 4
7536 12200 medium 7
7560 7610 4xlarge 5
7714 7895 small 8
7716 7917 medium 5
7734 7844 6xlarge 5
7740 8256 4xlarge 5
7757 7836 6xlarge 3
7763 8279 2xlarge 4
7764 7873 tiny 1
7767 7911 5xlarge 2
7772 7870 medium 2
7779 7858 3xlarge 9
7788 7864 large 8
7795 7878 tiny 3
7798 7887 medium 3
7835 8243 small 6
7858 8238 3xlarge 3
7864 7973 5xlarge 8
7873 8009 small 9
7891 8490 large 7
7895 8629 2xlarge 7
7901 7978 medium 4
7902 8037 3xlarge 5
7906 7999 xlarge 8
7913 8098 2xlarge 6
7989 8137 6xlarge 4
8081 8324 5xlarge 7
8082 8215 2xlarge 5
8083 8230 3xlarge 5
8084 8255 6xlarge 7
8093 8232 5xlarge 1
8097 8243 xlarge 2
8114 8226 tiny 4
8114 8251 3xlarge 6
8129 8274 large 1
8138 8199 5xlarge 8
8142 8276 6xlarge 9
8338 8575 5xlarge 1
8353 8622 3xlarge 3
8363 8499 small 6
8433 9714 2xlarge 4
8503 8592 small 7
8553 9190 4xlarge 5
8559 8911 large 7
8562 8745 3xlarge 6
8564 8843 small 6
8577 8741 6xlarge 9
8585 8680 5xlarge 7
8589 8855 4xlarge 9
8590 8839 large 4
8596 8835 medium 8
8615 8742 large 1
8639 8818 4xlarge 4
8685 8972 2xlarge 7
8801 8981 small 9
8801 8920 5xlarge 9
8806 8983 5xlarge 1
8808 8961 xlarge 8
8834 8927 3xlarge 8
8846 9035 3xlarge 3
8856 8928 xlarge 2
8880 8998 medium 4
8962 9081 tiny 3
8987 9078 medium 3
9036 9151 3xlarge 8
9057 9185 2xlarge 7
9066 9227 large 9
9078 9210 5xlarge 9
9081 9190 xlarge 2
9102 10283 large 7
9113 9230 5xlarge 4
9171 9357 2xlarge 3
9181 9560 3xlarge 3
9224 9293 large 4
9226 9303 small 6
9228 9334 4xlarge 4
9230 9316 4xlarge 9
9237 9350 small 7
9287 9440 2xlarge 7
9313 9402 4xlarge 5
9349 9568 2xlarge 6
9392 9566 medium 6
9408 9516 6xlarge 4
9417 9584 3xlarge 0
9448 9513 6xlarge 6
9455 9567 5xlarge 5
9461 9555 2xlarge 8
9571 9668 4xlarge 5
9633 9758 5xlarge 7
9634 9805 4xlarge 2
9638 9799 large 8
9639 9834 5xlarge 5
9643 9756 large 1
9643 9751 4xlarge 4
9653 9796 tiny 3
9658 9809 5xlarge 2
9661 9773 medium 3
9667 9762 6xlarge 6
9669 9782 3xlarge 0
9672 9768 5xlarge 1
9673 9794 large 4
9678 9796 6xlarge 4
9688 9774 3xlarge 6
9693 9751 2xlarge 8
9701 9803 small 5
9702 9811 small 6
9711 9953 xlarge 2
9716 9770 2xlarge 6
9716 9823 6xlarge 9
9717 9785 3xlarge 3
9718 9769 medium 6
9763 9953 2xlarge 4
9764 11914 2xlarge 7
9820 9876 tiny 2
9833 9936 6xlarge 7
9893 10017 3xlarge 6
9896 10017 5xlarge 1
9916 10017 6xlarge 9
9931 10054 large 1
9956 10024 5xlarge 7
10003 10550 4xlarge 5
10007 10311 xlarge 8
10050 11224 2xlarge 4
10053 10277 xlarge 2
10124 10261 small 9
10133 10234 tiny 2
10150 10242 small 7
10152 10256 2xlarge 3
10178 10316 6xlarge 7
10180 10238 medium 4
10190 10311 tiny 8
10190 10306 5xlarge 8
10194 10232 3xlarge 5
10316 10365 medium 3
10377 10556 small 7
10380 10473 large 7
10383 10504 3xlarge 2
10430 10498 2xlarge 3
10486 10600 medium 3
10492 10640 3xlarge 3
10617 11246 large 7
10712 10855 small 7
10768 10863 2xlarge 3
10772 11152 4xlarge 5
10784 10866 3xlarge 3
10800 10907 5xlarge 1
10857 11038 large 1
10877 10954 5xlarge 7
11006 11098 5xlarge 9
11037 11090 3xlarge 8
11103 11223 medium 3
11196 11442 6xlarge 3
11196 11369 6xlarge 5
11200 11502 3xlarge 3
11225 11347 2xlarge 3
11235 11343 small 7
11248 11462 tiny 1
11252 11505 3xlarge 9
11253 11480 medium 2
11259 11444 small 8
11260 11471 5xlarge 1
11278 11319 medium 5
11355 11454 xlarge 2
11360 11514 3xlarge 5
11364 11518 5xlarge 8
11377 11740 2xlarge 4
11378 11483 2xlarge 9
11392 11503 6xlarge 7
11397 12085 large 7
11571 11862 small 7
11572 11845 medium 3
11591 11824 2xlarge 3
11596 11979 3xlarge 3
11637 11701 4xlarge 5
11705 11837 xlarge 2
11736 11857 6xlarge 7
11740 11844 small 6
11793 11997 2xlarge 4
11800 11939 4xlarge 5
11844 11975 large 1
11869 11957 3xlarge 8
11872 11950 5xlarge 7
11920 12048 xlarge 2
11929 12104 6xlarge 7
11931 12059 medium 2
11940 12088 xlarge 3
11966 12073 3xlarge 5
11973 12084 5xlarge 8
11985 12100 2xlarge 9
11986 12063 tiny 2
11988 12106 5xlarge 1
11994 12094 tiny 1
12033 12220 4xlarge 5
12035 12207 3xlarge 3
12040 12196 2xlarge 3
12053 12227 6xlarge 4
12076 12168 small 7
12086 12172 2xlarge 7
12104 12222 2xlarge 6
12119 13544 2xlarge 4
12160 12317 tiny 3
12166 14257 large 7
12171 12327 large 8
12172 12328 6xlarge 7
12198 12303 5xlarge 2
12206 12309 medium 3
12217 12552 xlarge 2
12274 12412 3xlarge 6
12281 12462 large 1
12288 12474 3xlarge 3
12289 12477 xlarge 8
12298 12473 3xlarge 0
12300 12475 5xlarge 5
12302 12429 5xlarge 7
12311 12594 2xlarge 7
12311 12466 6xlarge 0
12313 12470 medium 4
12316 12470 2xlarge 8
12322 12393 2xlarge 5
12327 12447 medium 6
12330 12424 xlarge 4
12334 12454 tiny 4
12341 12400 2xlarge 6
12347 12413 6xlarge 4
12352 12430 small 9
12352 12397 medium 7
12353 12410 6xlarge 6
12356 12454 tiny 9
12356 12409 6xlarge 9
12400 12659 5xlarge 2
12400 12594 5xlarge 8
12404 12685 large 8
12410 12576 3xlarge 5
12434 12691 medium 3
12462 12713 tiny 3
12536 12631 4xlarge 2
12558 12663 3xlarge 3
12564 12790 4xlarge 5
12569 12635 5xlarge 0
12585 12644 small 5
12655 12838 5xlarge 8
12667 12917 small 1
12676 12959 small 7
12693 12936 3xlarge 2
12695 13002 2xlarge 7
12698 12952 large 0
12702 12877 5xlarge 3
12708 12899 2xlarge 3
12717 12909 4xlarge 3
12757 12938 medium 2
12761 12900 medium 3
12789 13018 5xlarge 1
12796 12884 tiny 1
12810 13046 xlarge 2
12818 12948 6xlarge 1
12827 13729 medium 7
12832 12954 tiny 3
12875 13312 4xlarge 5
12887 13059 medium 4
12913 13064 xlarge 8
12935 13052 small 9
13009 13111 6xlarge 4
13017 13318 3xlarge 3
13047 13135 2xlarge 6
13151 14001 2xlarge 7
13154 13249 2xlarge 3
13180 13299 small 7
13374 13547 2xlarge 3
13420 13509 5xlarge 1
13432 13541 small 7
13437 13711 3xlarge 3
13487 13611 small 9
13504 13747 6xlarge 4
13509 13766 2xlarge 6
13520 13653 xlarge 2
13529 13652 medium 4
13560 13658 xlarge 8
13627 13717 5xlarge 7
13664 13755 large 1
13723 16302 2xlarge 4
13736 13918 2xlarge 3
13777 13890 small 7
13782 13856 small 6
13843 14039 xlarge 8
13880 14200 3xlarge 3
13890 13972 medium 2
13894 14120 5xlarge 1
13896 14154 4xlarge 5
13905 14142 medium 7
13907 14016 small 9
13911 14010 medium 4
13918 14011 tiny 1
13957 14247 xlarge 2
13985 14237 6xlarge 7
14101 14367 2xlarge 7
14135 14229 tiny 2
14135 14371 3xlarge 5
14137 14376 5xlarge 8
14211 14314 2xlarge 1
14222 14329 xlarge 3
14229 14314 xlarge 6
14243 14379 2xlarge 9
14276 14385 medium 0
14314 15172 medium 7
14319 14477 5xlarge 7
14323 15412 large 7
14343 14473 6xlarge 9
14355 14589 6xlarge 7
14370 14586 5xlarge 1
14377 14482 4xlarge 5
14378 14551 xlarge 2
14382 14457 large 1
14382 14519 3xlarge 6
14433 15106 3xlarge 3
14477 14795 6xlarge 4
14485 17127 2xlarge 7
14496 14834 2xlarge 6
14552 14694 5xlarge 5
14553 14742 6xlarge 0
14555 14674 medium 6
14557 14729 2xlarge 8
14576 14759 xlarge 4
14600 14736 6xlarge 6
14603 14714 3xlarge 0
14618 14727 tiny 9
14798 14965 tiny 2
14802 14934 medium 9
14823 14911 3xlarge 7
14843 14948 5xlarge 8
14852 14955 5xlarge 1
14871 14912 6xlarge 7
14874 14968 xlarge 2
14879 14998 tiny 8
14917 15101 4xlarge 4
14926 15196 medium 4
14927 15118 large 8
14928 15066 large 4
14929 15074 4xlarge 9
14933 15053 tiny 3
14941 15092 5xlarge 2
14958 15169 xlarge 8
14970 15177 small 9
14976 15101 2xlarge 6
14978 15092 6xlarge 4
14984 15082 small 6
14998 15047 medium 3
15042 15224 3xlarge 5
15049 15221 6xlarge 7
15081 15187 5xlarge 8
15102 15177 xlarge 2
15153 15319 3xlarge 6
15162 15352 6xlarge 9
15169 15324 large 1
15170 15294 5xlarge 7
15202 20087 4xlarge 1
15287 15398 xlarge 2
15298 15523 6xlarge 4
15329 15532 3xlarge 3
15334 15451 6xlarge 7
15342 15466 medium 7
15356 15571 2xlarge 6
15513 15668 3xlarge 6
15517 15895 4xlarge 5
15517 15710 6xlarge 9
15522 15658 medium 4
15534 15654 2xlarge 5
15535 15697 xlarge 8
15536 15702 large 1
15555 16199 5xlarge 1
15562 15666 small 9
15579 15671 5xlarge 7
15581 15697 tiny 4
15594 16473 medium 7
15651 15751 medium 3
15655 16131 6xlarge 4
15668 16253 3xlarge 3
15673 15820 tiny 3
15719 16183 2xlarge 6
15775 15905 large 1
15784 15928 large 7
15794 15880 tiny 2
15797 15953 5xlarge 9
15809 15950 xlarge 2
15816 15875 3xlarge 8
15823 15929 6xlarge 7
15836 15877 5xlarge 7
15874 15993 tiny 3
15876 16072 small 7
15879 16003 6xlarge 6
15889 16005 medium 3
15894 16072 4xlarge 2
15906 16037 xlarge 4
15913 16049 6xlarge 0
15918 15994 small 5
15921 15999 3xlarge 0
15929 16046 large 8
15931 16052 5xlarge 5
15935 16039 tiny 9
15937 16037 5xlarge 2
15947 16049 medium 6
15954 16032 2xlarge 8
15997 16196 3xlarge 8
16032 16303 4xlarge 5
16079 16193 5xlarge 9
16121 16276 medium 3
16153 16239 tiny 3
16161 18530 large 7
16255 16517 5xlarge 1
16284 16379 small 7
16301 16371 2xlarge 3
16367 16506 tiny 9
16372 16499 3xlarge 0
16373 16471 6xlarge 6
16374 16479 medium 6
16374 16518 4xlarge 5
16378 16656 3xlarge 3
16382 16547 6xlarge 0
16393 16537 2xlarge 8
16401 16515 6xlarge 4
16410 19391 2xlarge 4
16422 16479 2xlarge 6
16423 16488 5xlarge 5
16478 16672 small 9
16497 16608 xlarge 2
16513 16641 medium 4
16533 16623 xlarge 8
16536 16648 6xlarge 7
16611 16724 5xlarge 7
16628 16792 large 1
16673 16985 medium 7
16727 16837 large 9
16761 16855 4xlarge 5
16761 16906 5xlarge 9
16762 16974 3xlarge 3
16790 16911 3xlarge 8
16797 16836 5xlarge 4
16903 16996 5xlarge 1
16960 17394 xlarge 2
16966 17156 tiny 2
16967 17145 medium 9
16987 17114 tiny 8
17013 17142 3xlarge 7
17031 17396 6xlarge 7
17039 17140 4xlarge 5
17118 17271 2xlarge 3
17125 17240 small 7
17130 17949 medium 7
17138 17200 5xlarge 1
17192 17480 5xlarge 2
17205 17434 small 5
17210 18214 2xlarge 7
17228 17368 4xlarge 5
17233 17510 4xlarge 2
17242 17442 large 8
17244 17441 tiny 3
17244 17560 medium 3
17266 17323 5xlarge 8
17271 17343 3xlarge 5
17323 17502 3xlarge 3
17360 17512 5xlarge 1
17473 17740 6xlarge 7
17476 17615 tiny 2
17510 17718 xlarge 2
17681 17866 2xlarge 6
17683 17873 6xlarge 4
17712 18112 5xlarge 7
17723 17875 3xlarge 3
17753 18109 large 1
17756 18056 4xlarge 5
17803 17998 2xlarge 5
17805 17990 3xlarge 4
17814 17951 3xlarge 6
17816 17947 3xlarge 1
17829 17923 tiny 4
17873 17977 5xlarge 1
17877 17915 6xlarge 9
17922 18045 xlarge 3
17930 18080 medium 3
17947 18081 xlarge 6
17949 18045 4xlarge 0
17955 18035 2xlarge 9
17959 18087 2xlarge 1
17964 18099 5xlarge 8
17980 18113 medium 0
17984 18073 3xlarge 5
17989 18059 xlarge 0
18037 18222 2xlarge 3
18073 18543 xlarge 2
18092 18544 6xlarge 7
18095 18165 small 7
18169 18570 3xlarge 3
18182 18319 medium 7
18186 18326 5xlarge 8
18188 18346 3xlarge 5
18229 18288 5xlarge 1
18276 18479 5xlarge 5
18281 18592 tiny 2
18291 18595 6xlarge 4
18297 18541 2xlarge 6
18301 18438 6xlarge 6
18324 18392 medium 6
18325 18468 3xlarge 0
18350 18401 2xlarge 8
18540 18901 medium 7
18634 18792 medium 2
18635 18781 medium 4
18649 18809 2xlarge 3
18652 18903 2xlarge 7
18658 18927 4xlarge 5
18663 18808 small 9
18677 18791 3xlarge 3
18695 18765 tiny 1
18701 18811 small 7
18701 18800 6xlarge 3
18703 18948 5xlarge 1
18704 18764 xlarge 8
18782 18937 tiny 3
18795 19182 medium 3
18828 18953 5xlarge 2
18836 18873 large 8
18902 20192 large 7
18993 19193 xlarge 1
19000 19175 large 1
19010 19232 4xlarge 5
19011 19123 5xlarge 5
19013 19151 medium 6
19017 19231 6xlarge 4
19021 19178 3xlarge 0
19021 19146 3xlarge 6
19024 19131 6xlarge 6
19031 19640 3xlarge 3
19033 19135 2xlarge 8
19035 19268 2xlarge 6
19038 19247 6xlarge 7
19039 19187 6xlarge 9
19041 19284 xlarge 2
19044 19757 2xlarge 7
19051 19126 large 2
19056 19185 6xlarge 0
19061 19121 xlarge 4
19072 19173 5xlarge 7
19074 19199 tiny 9
19155 20031 medium 7
19184 19281 5xlarge 1
19367 19485 2xlarge 6
19382 19487 6xlarge 7
19391 19512 6xlarge 4
19409 19528 xlarge 2
19427 19544 medium 3
19519 20755 2xlarge 4
19597 19787 small 9
19602 19766 medium 4
19633 19726 xlarge 8
19718 20010 5xlarge 1
19720 19985 3xlarge 3
19777 19836 4xlarge 5
19837 20000 medium 3
19847 20220 2xlarge 7
19855 19994 tiny 1
19916 19972 medium 2
19956 20120 5xlarge 9
19960 20236 4xlarge 5
20034 20096 3xlarge 8
20087 20573 5xlarge 1
20105 20254 xlarge 8
20115 20463 3xlarge 3
20116 20202 small 9
20120 20855 medium 7
20121 20225 xlarge 2
20139 20264 6xlarge 7
20151 20242 medium 4
20201 29712 4xlarge 1
20235 20314 2xlarge 6
20237 20367 6xlarge 4
20263 20313 5xlarge 8
20387 20492 4xlarge 5
20437 20756 small 7
20439 21830 2xlarge 7
20440 20584 large 0
20455 20686 2xlarge 3
20472 20576 5xlarge 3
20475 20605 4xlarge 3
20507 20671 large 7
20520 20603 3xlarge 2
20552 20739 5xlarge 8
20594 20747 3xlarge 5
20620 20758 xlarge 3
20635 20733 2xlarge 9
20825 20922 5xlarge 8
20837 20980 3xlarge 3
20839 20914 6xlarge 4
20842 20950 2xlarge 6
20916 21222 medium 7
20963 21282 2xlarge 4
20974 21088 4xlarge 5
21063 21171 3xlarge 3
21097 21235 5xlarge 1
21157 21706 large 7
21212 21355 6xlarge 7
21220 21282 5xlarge 8
21229 21356 xlarge 2
21230 21312 3xlarge 5
21273 21425 2xlarge 6
21275 21455 3xlarge 0
21284 21460 6xlarge 4
21287 21452 4xlarge 3
21288 21464 small 9
21306 21553 2xlarge 3
21313 21470 xlarge 8
21317 21467 medium 4
21319 21471 3xlarge 3
21320 21428 5xlarge 3
21321 21520 small 7
21338 21446 6xlarge 6
21340 21418 2xlarge 8
21347 21395 medium 6
21351 21410 5xlarge 5
21356 21434 3xlarge 2
21406 22788 2xlarge 4
21544 21678 large 9
21549 21635 5xlarge 9
21560 21681 3xlarge 8
21566 21669 4xlarge 5
21574 21660 tiny 3
21575 21652 5xlarge 4
21600 21650 medium 3
21652 21800 small 9
21662 21920 3xlarge 3
21665 21801 xlarge 8
21719 21809 medium 4
21756 22757 large 7
21764 21920 6xlarge 6
21777 22111 medium 7
21777 21918 2xlarge 8
21782 22479 4xlarge 5
21803 21875 small 6
21806 21930 medium 6
21810 21937 6xlarge 4
21831 21903 3xlarge 0
21831 21910 5xlarge 5
21840 21920 2xlarge 6
21930 22072 6xlarge 7
21939 22028 xlarge 2
22002 22156 3xlarge 6
22011 22167 2xlarge 5
22014 22155 large 1
22031 22178 tiny 4
22036 22198 3xlarge 3
22046 22138 6xlarge 9
22053 22128 5xlarge 1
22060 22179 5xlarge 7
22114 22270 small 9
22117 22414 large 8
22119 22265 3xlarge 7
22125 22299 medium 4
22131 22289 5xlarge 8
22134 22417 4xlarge 2
22148 22381 medium 3
22153 22404 5xlarge 0
22158 22354 5xlarge 2
22164 22434 tiny 3
22165 22301 6xlarge 7
22169 22432 small 5
22170 22306 tiny 2
22171 22304 xlarge 2
22177 22317 xlarge 8
22198 22251 tiny 8
22198 22319 2xlarge 7
22254 22406 2xlarge 6
22254 22360 5xlarge 1
22272 22375 2xlarge 3
22283 22592 medium 7
22292 22379 small 7
22302 22426 6xlarge 4
22303 22672 3xlarge 3
22359 22484 6xlarge 9
22388 22557 large 1
22390 22517 2xlarge 5
22416 22534 3xlarge 8
22428 22483 5xlarge 7
22430 22495 tiny 4
22438 22556 3xlarge 6
22539 22671 6xlarge 4
22546 22650 2xlarge 6
22659 22747 4xlarge 5
22664 22726 xlarge 2
22712 22881 2xlarge 6
22713 22895 3xlarge 6
22713 22907 6xlarge 9
22715 22857 tiny 4
22717 22857 large 1
22742 23574 2xlarge 7
22752 22834 3xlarge 4
22756 22880 3xlarge 1
22762 23233 medium 7
22775 22865 2xlarge 5
22777 23001 5xlarge 8
22790 22887 5xlarge 7
22798 23030 3xlarge 5
22800 22840 3xlarge 3
22838 23038 large 8
22849 23026 6xlarge 7
22850 23030 small 9
22859 22951 5xlarge 2
22862 22986 medium 3
22865 23090 4xlarge 5
22871 23012 medium 9
22874 22972 3xlarge 7
22875 23453 2xlarge 4
22879 23005 tiny 3
22885 23154 5xlarge 1
22895 22963 medium 4
22903 22968 tiny 2
22906 22991 tiny 6
22906 23016 xlarge 2
22909 23010 xlarge 8
22914 23365 large 7
22916 22979 tiny 8
22983 23119 medium 2
22988 23241 3xlarge 3
23028 23100 tiny 1
23078 23270 tiny 2
23092 23385 6xlarge 7
23096 23217 6xlarge 9
23141 23256 large 1
23145 23345 xlarge 2
23146 23203 3xlarge 6
23159 23242 5xlarge 7
23278 23487 4xlarge 5
23434 23553 4xlarge 8
23435 23716 tiny 2
23440 23828 medium 7
23443 24182 large 7
23459 23573 medium 9
23462 23634 tiny 6
23479 23619 3xlarge 7
23485 23626 5xlarge 1
23502 23977 xlarge 2
23508 23807 6xlarge 7
23514 23759 tiny 8
23563 23959 3xlarge 3
23575 23815 6xlarge 4
23587 23828 5xlarge 8
23619 23816 4xlarge 5
23624 24050 2xlarge 4
23633 23833 2xlarge 6
23674 23860 xlarge 4
23675 23816 6xlarge 6
23682 23857 2xlarge 8
23685 23843 3xlarge 2
23687 23811 tiny 3
23687 23838 large 2
23689 23854 5xlarge 5
23692 23812 large 0
23694 23843 6xlarge 0
23705 23805 small 7
23706 24557 2xlarge 7
23710 23802 tiny 1
23710 23819 xlarge 1
23719 23871 medium 2
23719 23866 2xlarge 3
23729 23835 tiny 9
23733 23868 5xlarge 1
23735 23853 medium 3
23743 23797 5xlarge 3
23754 23828 medium 6
23758 23863 4xlarge 3
23760 23805 3xlarge 0
23922 24053 5xlarge 1
23970 24075 4xlarge 5
23973 25891 medium 7
24045 24177 large 8
24067 24352 2xlarge 3
24092 24324 small 7
24093 24172 small 5
24094 24193 4xlarge 2
24102 24233 5xlarge 2
24105 24168 medium 3
24112 24194 tiny 3
24162 24445 2xlarge 6
24163 24694 3xlarge 3
24224 24584 4xlarge 5
24227 24700 2xlarge 4
24237 24338 6xlarge 4
24404 24708 5xlarge 1
24417 24650 large 7
24526 24639 2xlarge 6
24683 25615 2xlarge 7
24773 24900 3xlarge 3
24782 25149 2xlarge 4
24784 25118 large 7
24786 25052 medium 3
24793 25128 xlarge 2
24823 25004 tiny 3
24832 25179 4xlarge 5
24873 25005 5xlarge 2
24895 25079 large 8
24995 25182 small 2
25004 25178 3xlarge 3
25013 25142 small 9
25016 25144 tiny 1
25017 25182 xlarge 8
25022 25123 large 9
25023 25411 5xlarge 1
25031 25191 small 0
25036 25154 medium 4
25065 25186 3xlarge 8
25073 25150 5xlarge 9
25074 25155 5xlarge 8
25077 25155 5xlarge 4
25112 25288 tiny 3
25123 25250 small 1
25124 25284 4xlarge 3
25130 25273 3xlarge 2
25135 25284 2xlarge 3
25136 25361 medium 3
25139 25291 6xlarge 1
25148 25308 large 0
25155 25270 5xlarge 3
25176 25247 small 7
25242 25969 4xlarge 5
25279 25961 2xlarge 4
25282 25629 large 7
25352 25544 large 1
25370 25541 2xlarge 5
25405 25526 3xlarge 6
25419 25515 5xlarge 7
25421 25523 3xlarge 3
25437 25504 6xlarge 9
25439 25540 tiny 4
25476 25601 2xlarge 3
25487 25631 3xlarge 2
25487 25678 5xlarge 3
25499 25656 6xlarge 1
25519 25616 large 0
25519 25833 5xlarge 1
25521 25678 small 7
25534 25619 6xlarge 2
25535 25626 small 1
25553 25597 4xlarge 3
25597 25741 3xlarge 4
25614 25766 2xlarge 0
25622 25778 medium 1
25626 25766 3xlarge 1
25629 25760 tiny 3
25634 25754 tiny 4
25635 25746 2xlarge 5
25647 25770 5xlarge 7
25648 25755 medium 3
25656 25742 large 1
25666 25753 small 4
25679 25718 3xlarge 6
25680 25778 6xlarge 9
25712 25874 5xlarge 4
25715 25902 4xlarge 8
25721 25886 3xlarge 8
25726 25840 3xlarge 7
25728 25883 large 9
25728 25872 xlarge 9
25729 25865 medium 9
25737 25894 tiny 6
25739 26247 3xlarge 3
25740 28195 2xlarge 7
25746 25881 6xlarge 7
25750 26014 2xlarge 6
25765 25916 tiny 2
25769 25876 xlarge 2
25776 25854 6xlarge 4
25782 25878 tiny 8
25784 25842 5xlarge 9
25789 26245 large 7
25909 26025 medium 3
25987 26235 xlarge 2
26038 26974 medium 7
26085 26217 tiny 2
26088 26227 5xlarge 1
26105 26249 2xlarge 4
26148 26208 6xlarge 7
26154 26246 tiny 8
26216 26364 3xlarge 2
26229 26398 medium 3
26243 26318 tiny 3
26269 26391 2xlarge 3
26274 26318 small 7
26316 26981 2xlarge 4
26326 26798 4xlarge 5
26332 26461 6xlarge 7
26351 26455 xlarge 2
26358 26513 tiny 2
26384 26744 large 7
26399 26519 5xlarge 1
26436 26626 3xlarge 6
26440 26553 6xlarge 9
26442 26928 5xlarge 8
26444 26584 2xlarge 5
26459 26624 large 1
26461 26572 xlarge 8
26512 26722 3xlarge 5
26516 26637 5xlarge 7
26519 26637 medium 4
26520 26564 small 9
26554 26720 5xlarge 1
26564 26714 6xlarge 5
26598 26697 3xlarge 9
26606 26727 medium 2
26610 26709 tiny 1
26610 26879 6xlarge 4
26616 26960 3xlarge 3
26619 26745 6xlarge 3
26623 26708 small 8
26636 26817 2xlarge 6
26806 26922 large 1
26812 27237 large 7
26813 26973 3xlarge 5
26841 26982 6xlarge 9
26852 26972 3xlarge 6
26860 26977 2xlarge 5
26862 26929 small 4
26863 26922 2xlarge 0
26867 26920 tiny 4
26868 26920 5xlarge 7
26871 26951 3xlarge 1
26875 26916 3xlarge 4
26915 27090 xlarge 2
26934 27104 tiny 3
26942 27098 medium 3
26943 27099 tiny 2
26951 27062 2xlarge 3
26957 27083 small 7
26964 27108 6xlarge 7
27035 27340 2xlarge 4
27091 27219 medium 7
27152 27359 3xlarge 3
27153 27280 2xlarge 0
27153 27319 2xlarge 5
27156 27332 5xlarge 7
27159 27356 large 1
27210 27354 tiny 4
27215 27344 3xlarge 4
27217 27321 3xlarge 1
27227 27343 6xlarge 9
27229 27331 3xlarge 6
27300 27804 medium 7
27300 27467 5xlarge 1
27301 28000 large 7
27314 27445 5xlarge 8
27328 27412 small 7
27349 27453 2xlarge 3
27400 27542 3xlarge 3
27407 27514 large 1
27418 27516 6xlarge 7
27421 27943 2xlarge 4
27425 27512 5xlarge 7
27427 27563 xlarge 2
27467 27680 medium 3
27479 27711 4xlarge 5
27522 27688 large 8
27524 27652 small 5
27542 27694 tiny 3
27550 27636 small 6
27563 27661 5xlarge 2
27565 27637 4xlarge 2
27599 27794 5xlarge 1
27651 28025 3xlarge 3
27659 27839 2xlarge 6
27753 27875 xlarge 2
27756 27939 4xlarge 0
27758 28141 medium 3
27765 27957 2xlarge 9
27779 28002 3xlarge 5
27802 27887 xlarge 6
27819 27872 medium 0
27821 27873 xlarge 3
27823 27933 2xlarge 1
27829 27892 xlarge 0
27835 28063 5xlarge 8
27886 28046 large 8
27903 28023 tiny 3
27911 28062 small 5
27921 28252 medium 7
27927 28039 5xlarge 2
28020 28249 large 1
28077 28243 5xlarge 7
28119 28288 4xlarge 4
28122 28273 5xlarge 1
28125 28478 4xlarge 5
28158 28290 4xlarge 9
28179 28498 2xlarge 4
28180 28315 large 4
28183 28296 3xlarge 8
28189 28242 small 6
28198 29471 large 7
28200 28282 xlarge 2
28264 28531 medium 3
28298 28424 tiny 3
28353 28881 3xlarge 3
28371 28484 2xlarge 3
28375 28531 small 7
28398 28538 2xlarge 7
28417 28557 medium 7
28427 28498 3xlarge 2
28489 28668 xlarge 2
28493 28677 6xlarge 4
28508 28656 6xlarge 7
28528 28640 2xlarge 6
28594 28733 5xlarge 8
28600 28760 6xlarge 9
28625 28759 2xlarge 9
28630 28838 medium 7
28631 28761 5xlarge 1
28634 28792 5xlarge 7
28648 29039 2xlarge 7
28653 28741 xlarge 6
28667 28762 large 1
28672 28793 xlarge 3
28672 28798 3xlarge 5
28680 28791 3xlarge 6
28715 28838 5xlarge 4
28722 28916 5xlarge 9
28724 28895 large 9
28727 28903 2xlarge 6
28733 28864 6xlarge 4
28747 29728 2xlarge 4
28749 28898 4xlarge 5
28781 28899 3xlarge 8
28847 28988 medium 3
28893 29017 2xlarge 3
28913 29005 small 7
28976 29257 medium 7
28988 29151 5xlarge 9
28998 29562 4xlarge 5
29025 29114 3xlarge 8
29129 29318 2xlarge 7
29131 29253 5xlarge 1
29156 29575 3xlarge 3
29196 29348 5xlarge 9
29231 29394 6xlarge 7
29240 29396 xlarge 2
29243 29577 3xlarge 8
29246 29370 large 9
29278 29346 5xlarge 4
29327 29498 medium 7
29333 29512 medium 3
29365 29453 large 1
29397 29470 5xlarge 7
29482 29878 2xlarge 7
29553 29711 6xlarge 9
29558 29708 5xlarge 7
29567 29740 5xlarge 2
29569 29742 4xlarge 2
29579 29686 large 8
29587 29707 medium 3
29593 29679 tiny 3
29596 29717 large 1
29610 31175 medium 7
29611 29719 3xlarge 6
29619 31256 large 7
29633 29706 small 5
29699 29836 3xlarge 3
29793 30075 medium 3
29793 32575 4xlarge 1
29795 29993 large 8
29804 29996 2xlarge 3
29817 29977 5xlarge 0
29824 29944 small 5
29827 30230 4xlarge 5
29852 30033 5xlarge 1
29859 29935 small 7
29862 29960 5xlarge 2
29867 29957 4xlarge 2
29869 30155 2xlarge 4
29876 29983 tiny 3
29916 30117 xlarge 2
29954 30352 2xlarge 7
29970 30036 tiny 1
29970 30036 medium 2
29994 30079 6xlarge 7
30045 30169 3xlarge 5
30052 30206 5xlarge 8
30115 30156 3xlarge 3
30186 30776 5xlarge 1
30280 31605 2xlarge 4
30282 30452 6xlarge 7
30319 30468 xlarge 2
30321 30697 4xlarge 5
30330 30409 2xlarge 3
30332 30447 3xlarge 8
30354 30410 small 7
30425 30902 3xlarge 3
30447 30790 2xlarge 7
30764 30943 5xlarge 8
30766 30938 small 6
30767 30959 4xlarge 9
30786 30896 4xlarge 4
30802 30925 large 4
30834 30916 3xlarge 5
30928 31307 2xlarge 7
31004 31144 xlarge 2
31025 31182 6xlarge 7
31031 31271 small 7
31060 31284 2xlarge 3
31146 31276 3xlarge 3
31175 31289 2xlarge 6
31200 31379 4xlarge 5
31237 31407 3xlarge 8
31275 31392 medium 7
31354 31494 3xlarge 2
31354 31550 6xlarge 9
31364 31502 large 1
31364 31543 5xlarge 3
31384 31535 5xlarge 7
31389 31960 large 7
31406 31541 2xlarge 3
31410 31532 3xlarge 6
31432 31494 small 7
31493 31597 6xlarge 3
31496 31780 medium 7
31497 31607 3xlarge 9
31508 31605 6xlarge 5
31533 31664 small 8
31541 31615 medium 2
31543 31797 2xlarge 7
31546 31632 tiny 1
31549 31665 5xlarge 1
31646 31714 2xlarge 6
31649 31756 3xlarge 3
31663 31776 medium 3
31667 31747 tiny 3
31712 32851 2xlarge 4
31792 32224 4xlarge 5
31843 31962 5xlarge 7
31843 32026 6xlarge 9
31864 32015 xlarge 2
31906 32010 3xlarge 6
31920 31986 large 1
31958 32120 xlarge 3
31964 32152 medium 4
31964 32496 2xlarge 7
31987 32118 5xlarge 8
31991 32150 3xlarge 5
31994 34907 medium 7
32001 32133 small 9
32016 32126 xlarge 6
32021 32142 xlarge 8
32022 32104 2xlarge 9
32033 32279 5xlarge 1
32082 32386 3xlarge 6
32083 32231 medium 9
32091 32270 3xlarge 3
32095 32241 medium 2
32099 32935 large 7
32116 32376 5xlarge 7
32117 32272 xlarge 2
32122 32258 3xlarge 7
32126 32347 large 1
32129 32260 6xlarge 7
32134 32218 tiny 1
32136 32208 tiny 2
32142 32318 6xlarge 9
32144 32212 tiny 8
32198 32358 xlarge 8
32210 32345 medium 3
32236 32358 medium 4
32241 32387 large 8
32252 32319 5xlarge 2
32267 32354 small 9
32272 32327 tiny 3
32365 32463 3xlarge 3
32474 32856 xlarge 2
32474 32671 6xlarge 7
32511 32589 tiny 2
32578 32847 4xlarge 5
32579 32758 2xlarge 7
32588 32705 3xlarge 3
32679 33035 5xlarge 1
32753 35958 4xlarge 1
32826 33034 2xlarge 7
32850 33069 tiny 1
32929 33116 5xlarge 8
32934 33112 3xlarge 5
32938 34072 2xlarge 4
32941 33042 6xlarge 3
32945 33067 medium 2
32979 33343 4xlarge 5
32999 33100 small 8
33041 33303 large 7
33051 33169 5xlarge 2
33063 33189 tiny 3
33074 33220 large 8
33092 33182 medium 3
33161 33349 xlarge 2
33170 33309 3xlarge 2
33189 33290 small 7
33203 33309 6xlarge 7
33207 33408 5xlarge 1
33221 33338 2xlarge 3
33239 34176 2xlarge 7
33300 33476 5xlarge 8
33301 33424 3xlarge 5
33357 33414 xlarge 3
33358 33470 2xlarge 9
33396 33549 small 2
33407 33580 5xlarge 9
33410 33592 small 0
33424 33562 large 9
33441 33539 5xlarge 4
33446 33594 3xlarge 8
33454 33913 3xlarge 3
33474 34006 4xlarge 5
33514 33638 tiny 4
33519 33716 medium 3
33523 33691 large 1
33523 33649 3xlarge 6
33536 33664 5xlarge 7
33543 33786 medium 4
33554 33813 5xlarge 8
33561 33655 tiny 3
33562 33836 xlarge 8
33562 33698 2xlarge 5
33573 33790 small 9
33578 33838 3xlarge 5
33592 33659 6xlarge 9
33642 33832 large 7
33708 33905 2xlarge 6
33712 33890 6xlarge 4
33785 33949 3xlarge 0
33787 33929 medium 6
33815 33885 5xlarge 5
33823 33911 6xlarge 6
33873 34012 2xlarge 3
33894 34036 xlarge 2
33905 34000 small 7
33915 34005 5xlarge 1
33916 34018 3xlarge 5
33929 33995 large 7
33946 34013 5xlarge 8
33947 34040 6xlarge 7
33993 34125 large 2
33993 34127 3xlarge 3
33994 34180 2xlarge 8
33998 34128 6xlarge 4
34007 34187 2xlarge 6
34014 34131 5xlarge 5
34026 34195 tiny 9
34031 34197 6xlarge 6
34033 34153 xlarge 1
34033 34174 3xlarge 0
34037 34192 medium 6
34054 34137 6xlarge 8
34074 34171 6xlarge 0
34075 34187 xlarge 4
34132 34411 5xlarge 1
34138 34759 2xlarge 4
34140 34417 4xlarge 5
34159 34518 large 7
34236 34721 2xlarge 7
34256 34392 6xlarge 7
34265 34437 tiny 2
34265 34391 xlarge 2
34355 35020 3xlarge 3
34399 34636 small 7
34421 34640 2xlarge 3
34436 34749 2xlarge 6
34438 34637 6xlarge 4
34472 34677 4xlarge 5
34485 34649 xlarge 4
34500 34677 5xlarge 1
34504 34612 2xlarge 8
34510 34631 6xlarge 0
34516 34676 xlarge 1
34518 34605 6xlarge 8
34519 34613 medium 6
34520 34664 tiny 9
34539 34663 6xlarge 6
34546 34629 large 2
34552 34594 5xlarge 5
34555 34660 3xlarge 0
34605 35001 large 7
34633 34895 medium 3
34771 34872 tiny 3
34833 35127 2xlarge 7
34852 35101 small 9
34878 35079 xlarge 8
34917 35117 medium 4
34967 35081 2xlarge 4
35001 35074 medium 7
35012 35080 5xlarge 1
35088 35389 3xlarge 3
35091 35199 medium 3
35092 35238 2xlarge 6
35117 35215 large 7
35120 35228 xlarge 2
35138 35250 6xlarge 7
35140 35210 tiny 3
35216 35508 4xlarge 5
35259 35433 2xlarge 4
35340 35487 medium 3
35344 35478 tiny 3
35347 35700 2xlarge 7
35353 35437 5xlarge 2
35356 35464 large 8
35370 35917 large 7
35434 35637 small 7
35450 35632 3xlarge 5
35462 35587 medium 7
35479 35639 5xlarge 1
35492 35632 3xlarge 2
35502 35703 6xlarge 7
35506 35623 5xlarge 8
35507 35634 2xlarge 3
35509 35733 xlarge 2
35554 35690 5xlarge 0
35558 35712 small 2
35559 35730 medium 3
35570 35683 small 0
35571 35731 5xlarge 4
35574 35700 large 9
35577 35720 5xlarge 2
35586 35731 large 8
35610 36827 2xlarge 4
35623 35747 tiny 2
35628 35686 4xlarge 2
35629 35741 tiny 3
35632 35697 small 5
35633 35679 3xlarge 8
35634 35756 5xlarge 9
35635 35710 4xlarge 5
35792 35911 3xlarge 6
35803 35934 5xlarge 7
35811 38260 medium 7
35833 35970 large 1
35834 36108 2xlarge 3
35869 36098 small 7
35876 35957 6xlarge 9
35941 36211 2xlarge 7
35976 36196 5xlarge 1
36040 36289 tiny 3
36045 36354 medium 3
36062 40404 4xlarge 1
36098 36238 3xlarge 8
36117 36472 4xlarge 5
36120 36221 5xlarge 9
36161 36292 2xlarge 6
36211 36314 6xlarge 4
36231 36285 3xlarge 3
36286 36452 3xlarge 5
36287 36461 xlarge 8
36319 36437 2xlarge 3
36330 36398 medium 4
36331 36441 5xlarge 8
36338 36440 small 9
36347 36477 2xlarge 7
36353 36429 small 7
36407 36558 3xlarge 7
36418 36551 medium 9
36433 36535 large 7
36446 36512 6xlarge 7
36460 36590 xlarge 2
36465 36597 tiny 2
36465 36567 tiny 8
36467 36527 tiny 6
36543 36827 4xlarge 5
36548 36673 large 1
36568 36700 6xlarge 9
36575 36717 3xlarge 6
36575 36710 5xlarge 7
36632 36839 4xlarge 4
36641 36872 2xlarge 6
36656 36951 3xlarge 3
36666 36766 large 4
36677 36822 small 6
36688 36765 4xlarge 9
36692 36915 2xlarge 7
36693 36895 large 7
36762 36941 large 8
36766 36956 6xlarge 4
36768 36892 xlarge 3
36771 37011 medium 3
36773 36951 2xlarge 9
36786 36876 5xlarge 8
36795 36924 5xlarge 1
36797 36873 5xlarge 2
36798 36875 3xlarge 5
36821 36888 small 5
36830 37022 tiny 3
36912 37967 2xlarge 4
36992 37179 4xlarge 5
37001 37290 large 7
37054 37316 6xlarge 7
37058 37292 5xlarge 1
37059 37299 xlarge 2
37064 37351 2xlarge 7
37163 37238 tiny 2
37163 37253 xlarge 3
37178 37259 5xlarge 8
37181 37287 2xlarge 9
37193 37275 3xlarge 5
37233 37406 2xlarge 5
37234 37741 medium 3
37235 37419 small 6
37238 37352 large 4
37238 37624 2xlarge 8
37252 37394 4xlarge 9
37254 37483 large 1
37272 37612 6xlarge 0
37275 37612 3xlarge 0
37276 37397 3xlarge 4
37277 37591 medium 6
37278 37501 5xlarge 7
37278 37596 6xlarge 4
37282 37605 tiny 9
37282 37424 6xlarge 8
37287 37398 4xlarge 5
37290 37399 xlarge 1
37292 37507 6xlarge 9
37296 37677 2xlarge 6
37296 37677 3xlarge 3
37301 37730 tiny 3
37303 37677 5xlarge 5
37307 37511 large 2
37307 37492 xlarge 4
37308 37643 6xlarge 6
37310 37414 3xlarge 1
37312 37383 tiny 4
37312 37351 4xlarge 4
37317 37514 3xlarge 6
37352 38088 large 7
37396 37546 small 7
37440 37507 2xlarge 3
37477 37772 large 8
37479 37735 5xlarge 2
37494 37718 small 5
37506 37653 4xlarge 2
37516 37627 5xlarge 0
37530 37953 4xlarge 5
37610 37725 2xlarge 9
37612 37773 xlarge 2
37612 38697 2xlarge 7
37620 37788 5xlarge 8
37635 37713 xlarge 3
37649 37778 6xlarge 7
37654 37761 3xlarge 5
37674 37748 5xlarge 1
37717 37865 3xlarge 8
37728 37869 2xlarge 3
37735 37831 small 7
37756 37863 large 9
37785 37855 5xlarge 9
37788 37836 5xlarge 4
37795 37901 3xlarge 3
37844 38125 5xlarge 1
37860 37979 medium 2
37860 37970 5xlarge 7
37868 37999 6xlarge 5
37872 38000 3xlarge 6
37877 37961 medium 5
37884 38035 small 8
37884 38024 6xlarge 3
37886 37973 tiny 1
37889 38013 6xlarge 9
37906 38001 large 1
37907 37957 3xlarge 9
37954 38143 6xlarge 7
37961 38150 2xlarge 9
37976 38120 5xlarge 8
37991 38151 small 7
37995 38247 3xlarge 3
37996 38122 small 9
38003 38082 medium 4
38004 38126 xlarge 8
38009 38117 xlarge 2
38019 38076 2xlarge 3
38026 38155 3xlarge 5
38039 38115 xlarge 3
38194 38323 3xlarge 5
38212 38330 5xlarge 8
38214 38352 small 7
38229 38450 4xlarge 5
38245 38319 3xlarge 2
38271 38398 2xlarge 3
38279 38963 2xlarge 4
38320 38448 medium 7
38329 38478 5xlarge 1
38371 38516 medium 3
38385 38443 tiny 3
38501 38878 large 7
38567 38867 large 9
38569 38876 5xlarge 4
38593 38830 5xlarge 9
38596 38810 6xlarge 7
38598 38752 medium 3
38598 38926 4xlarge 5
38605 38987 3xlarge 3
38609 38856 3xlarge 8
38611 38831 xlarge 2
38690 38820 2xlarge 3
38699 38802 small 0
38702 38873 small 7
38814 39077 medium 7
38825 38912 5xlarge 8
38849 39104 5xlarge 1
38852 39085 2xlarge 7
38866 38993 3xlarge 5
38873 38988 2xlarge 9
38956 39236 xlarge 2
38970 39417 large 7
38979 39167 6xlarge 7
39062 39179 tiny 3
39072 39212 tiny 2
39107 39153 2xlarge 4
39110 39331 medium 3
39282 39428 6xlarge 3
39283 39568 2xlarge 4
39283 39681 5xlarge 1
39298 39407 4xlarge 5
39300 39479 medium 2
39302 39455 5xlarge 9
39332 39408 3xlarge 8
39335 39682 medium 7
39337 39658 2xlarge 7
39352 39391 tiny 1
39394 39569 2xlarge 5
39398 39526 5xlarge 7
39426 39515 3xlarge 6
39430 39543 tiny 4
39455 39565 6xlarge 9
39456 39577 large 1
39479 39697 3xlarge 3
39512 39636 xlarge 3
39514 39878 large 7
39518 39689 medium 3
39522 39719 2xlarge 1
39523 39696 3xlarge 5
39532 39684 5xlarge 8
39535 39660 2xlarge 9
39540 39666 xlarge 2
39579 39707 tiny 2
39580 39687 6xlarge 7
39589 39699 medium 0
39597 39709 xlarge 6
39638 39826 small 7
39656 39764 5xlarge 3
39658 39782 4xlarge 5
39668 39813 3xlarge 2
39682 40130 2xlarge 4
39697 39760 2xlarge 3
39762 39873 medium 7
39763 40647 3xlarge 3
39767 40069 medium 3
39793 40257 2xlarge 7
39803 39890 5xlarge 1
39906 40167 2xlarge 6
39907 40000 small 6
39915 40194 6xlarge 4
39929 40024 5xlarge 8
39936 40041 tiny 3
39951 40063 3xlarge 5
40006 40147 xlarge 8
40027 40166 medium 4
40027 40260 large 7
40034 40186 small 9
40047 40129 5xlarge 1
40065 40187 medium 7
40124 40243 medium 3
40149 40269 tiny 3
40247 40361 5xlarge 1
40273 40478 2xlarge 4
40303 40354 6xlarge 4
40305 40424 2xlarge 6
40305 40476 4xlarge 5
40320 40973 medium 7
40354 40523 medium 8
40361 40494 large 7
40363 40487 small 6
40367 40542 5xlarge 8
40377 40503 2xlarge 7
40379 40484 3xlarge 8
40380 40520 4xlarge 4
40384 40500 5xlarge 9
40391 40481 4xlarge 9
40408 40523 large 4
40422 40538 large 5
40438 40480 large 3
40505 41726 4xlarge 1
40599 40870 xlarge 2
40599 40773 6xlarge 9
40602 40747 5xlarge 1
40607 40898 4xlarge 5
40608 40744 3xlarge 6
40614 40740 3xlarge 5
40621 40789 5xlarge 7
40631 40761 large 1
40632 41038 large 7
40639 40907 2xlarge 4
40651 40722 5xlarge 8
40715 41342 2xlarge 7
40833 40982 3xlarge 3
40834 41024 medium 3
40841 40998 2xlarge 6
40845 40999 small 5
40846 40998 3xlarge 0
40850 41071 small 7
40858 41083 2xlarge 3
40861 41035 5xlarge 2
40866 40952 tiny 3
40874 40997 medium 6
40880 40978 6xlarge 3
40886 41003 tiny 1
40892 41019 large 8
40900 40952 medium 2
40902 40979 6xlarge 4
40903 40968 5xlarge 1
40903 40975 5xlarge 5
40904 40963 small 8
40909 40998 2xlarge 8
40919 40995 6xlarge 6
40994 41205 2xlarge 4
41013 41133 small 6
41097 41245 3xlarge 3
41134 41215 medium 7
41149 41244 xlarge 2
41150 41203 6xlarge 7
41155 41267 large 7
41160 41212 4xlarge 5
41320 41473 large 4
41320 41510 4xlarge 4
41346 41450 4xlarge 9
41353 41454 3xlarge 5
41357 41518 5xlarge 8
41371 41842 2xlarge 4
41379 41629 medium 7
41382 41712 large 7
41397 41483 small 6
41444 41593 5xlarge 1
41449 41575 6xlarge 7
41454 41618 4xlarge 5
41463 41702 xlarge 2
41563 41708 2xlarge 6
41567 41736 4xlarge 9
41568 41692 large 3
41570 41725 5xlarge 2
41578 41720 small 6
41582 41709 2xlarge 7
41585 41695 medium 8
41585 41736 5xlarge 0
41590 41729 small 5
41593 41733 3xlarge 3
41594 41737 large 8
41594 41699 4xlarge 4
41595 41681 medium 3
41603 41682 large 4
41605 41674 tiny 3
41622 41734 4xlarge 2
41672 41840 3xlarge 5
41679 41879 5xlarge 8
41691 41816 4xlarge 5
41792 41926 3xlarge 3
41797 41970 5xlarge 1
41810 41996 tiny 3
41827 41995 large 7
41834 41959 large 8
41839 41957 2xlarge 6
41840 41974 medium 3
41858 41935 5xlarge 2
41862 41926 medium 7
41872 42067 4xlarge 1
41876 41982 6xlarge 4
41919 42189 2xlarge 4
41932 42055 medium 4
41947 42158 2xlarge 7
41968 42045 4xlarge 5
41981 42064 xlarge 8
41998 42078 small 9
42043 42234 6xlarge 9
42047 42220 3xlarge 3
42052 42221 5xlarge 1
42062 42192 xlarge 2
42063 42656 medium 7
42073 42206 large 1
42080 42178 tiny 2
42080 42176 tiny 8
42092 42189 6xlarge 7
42102 43170 large 7
42109 42214 5xlarge 7
42111 42239 3xlarge 6
42185 42297 5xlarge 2
42194 42339 tiny 3
42205 42339 medium 3
42208 42337 3xlarge 5
42213 42353 5xlarge 8
42216 42305 large 8
42224 44115 4xlarge 1
42273 43024 2xlarge 4
42336 42541 4xlarge 5
42354 42649 2xlarge 7
42394 42575 4xlarge 2
42409 42546 5xlarge 2
42445 42577 large 8
42464 42593 medium 3
42472 42530 small 5
42472 42584 5xlarge 0
42479 42542 xlarge 2
42480 42591 tiny 3
42639 43065 4xlarge 5
42646 42809 medium 3
42653 42819 tiny 3
42654 42793 small 5
42666 42815 large 8
42673 42798 5xlarge 2
42685 42820 large 1
42690 42830 3xlarge 8
42690 42811 5xlarge 9
42712 42825 5xlarge 7
42770 43075 2xlarge 7
42781 42885 xlarge 8
42784 42957 3xlarge 3
42793 42913 small 9
42809 43647 medium 7
42838 42911 2xlarge 6
42840 42882 medium 4
43017 43134 6xlarge 7
43041 43378 3xlarge 3
43057 43121 xlarge 2
43064 43144 tiny 2
43075 43295 5xlarge 1
43112 43255 5xlarge 8
43130 43785 4xlarge 5
43131 43241 tiny 4
43143 44099 2xlarge 4
43159 43281 2xlarge 0
43159 43243 3xlarge 5
43160 43248 3xlarge 4
43162 43304 3xlarge 1
43164 43249 large 1
43165 43243 5xlarge 7
43170 43290 small 4
43177 43291 6xlarge 9
43186 43743 2xlarge 7
43190 43244 2xlarge 5
43199 43259 3xlarge 6
43251 43991 large 7
43357 43537 3xlarge 5
43406 43550 6xlarge 7
43418 43629 5xlarge 8
43423 43473 xlarge 2
43485 43652 5xlarge 1
43600 43782 xlarge 8
43629 43747 small 9
43668 43756 medium 4
43714 43856 3xlarge 2
43717 43904 2xlarge 3
43718 43867 small 7
43719 43990 2xlarge 6
43738 43989 xlarge 2
43749 43838 5xlarge 1
43765 43910 5xlarge 8
43766 44111 3xlarge 3
43783 43918 3xlarge 5
43785 44029 medium 7
43835 44393 2xlarge 7
43841 44001 6xlarge 0
43850 44005 tiny 2
43851 44015 xlarge 4
43852 44024 3xlarge 7
43862 43979 medium 3
43864 43968 large 1
43864 44029 5xlarge 5
43865 43963 6xlarge 6
43871 44028 tiny 8
43877 44001 5xlarge 7
43883 44008 6xlarge 7
43884 44010 6xlarge 4
43887 43991 large 2
43888 43991 medium 6
43895 44009 tiny 9
43900 43976 6xlarge 8
43905 44003 3xlarge 0
43910 44011 xlarge 1
43914 43987 2xlarge 8
43984 44123 4xlarge 5
44075 44263 xlarge 6
44079 44223 xlarge 3
44085 44273 4xlarge 0
44086 44258 2xlarge 1
44089 44198 3xlarge 5
44094 44225 medium 7
44099 44257 medium 2
44108 44192 2xlarge 9
44116 44200 5xlarge 8
44127 44257 medium 0
44128 44252 6xlarge 3
44136 44267 tiny 1
44138 44372 large 7
44148 44241 5xlarge 1
44152 44202 xlarge 0
44203 44912 4xlarge 5
44235 45286 4xlarge 1
44252 45437 2xlarge 4
44353 44607 3xlarge 3
44372 44723 medium 7
44494 44676 5xlarge 1
44503 44728 2xlarge 7
44617 44687 large 7
44682 44995 3xlarge 3
44713 44846 large 1
44715 44862 3xlarge 1
44717 44801 3xlarge 4
44724 44821 5xlarge 7
44733 44809 2xlarge 5
44733 44866 3xlarge 6
44737 44821 6xlarge 9
44755 44831 tiny 4
44803 44965 tiny 3
44823 44939 medium 3
44827 44938 large 8
44835 44986 5xlarge 2
44850 46132 2xlarge 7
44863 45350 medium 7
44878 45204 large 7
44912 45069 3xlarge 6
44928 45092 2xlarge 5
44934 45083 6xlarge 9
44936 45066 tiny 4
44954 45063 large 1
44971 45065 3xlarge 1
44988 45040 5xlarge 1
45000 45107 3xlarge 4
45000 45115 5xlarge 7
45042 45213 2xlarge 6
45051 45201 5xlarge 8
45064 45298 4xlarge 5
45086 45462 3xlarge 3
45102 45161 3xlarge 5
45158 45348 5xlarge 7
45193 45336 small 7
45197 45331 3xlarge 6
45209 45336 5xlarge 1
45216 45313 large 1
45218 45331 2xlarge 3
45231 45273 6xlarge 9
45300 45397 6xlarge 4
45305 45417 6xlarge 6
45315 45456 2xlarge 6
45328 45468 3xlarge 0
45337 45413 medium 6
45337 45516 xlarge 2
45348 45576 large 7
45358 45451 5xlarge 5
45403 46168 medium 7
45424 45517 6xlarge 7
45448 45570 4xlarge 1
45517 45666 small 9
45571 45771 5xlarge 1
45578 45684 medium 4
45584 45651 xlarge 8
45635 45751 5xlarge 3
45637 45818 tiny 3
45644 45814 large 0
45648 45768 2xlarge 4
45659 45785 medium 3
45661 46870 4xlarge 1
45664 45788 small 1
45664 45918 2xlarge 3
45683 45825 4xlarge 3
45692 45928 small 7
45706 45763 3xlarge 2
45710 45818 6xlarge 1
45779 46004 6xlarge 7
45781 46012 xlarge 2
45801 46026 large 7
46031 46265 2xlarge 3
46033 46175 4xlarge 4
46037 46138 large 4
46041 46186 2xlarge 4
46051 46198 medium 3
46076 46303 small 7
46076 46196 4xlarge 9
46077 46186 small 6
46077 46115 5xlarge 1
46080 46190 4xlarge 5
46156 46427 3xlarge 3
46164 46394 3xlarge 5
46176 46489 large 7
46177 46373 5xlarge 8
46232 46419 3xlarge 8
46237 46419 2xlarge 4
46239 46401 5xlarge 7
46242 46411 6xlarge 6
46248 46392 5xlarge 9
46251 46389 6xlarge 0
46256 46370 3xlarge 0
46262 46367 medium 3
46271 46411 6xlarge 7
46274 46354 4xlarge 5
46278 46381 large 1
46289 46422 tiny 2
46290 46399 tiny 9
46291 46438 xlarge 4
46292 46438 6xlarge 4
46297 46365 3xlarge 6
46299 46380 large 2
46301 46384 2xlarge 8
46303 46411 6xlarge 9
46306 46401 xlarge 2
46306 46410 2xlarge 6
46306 46415 5xlarge 5
46307 46398 medium 6
46307 47105 medium 7
46316 46425 xlarge 1
46320 46429 6xlarge 8
46373 46535 small 6
46431 47451 2xlarge 7
46479 47140 4xlarge 5
46483 46677 5xlarge 8
46511 46600 3xlarge 3
46533 46629 3xlarge 5
46542 48034 2xlarge 4
46601 46752 large 8
46603 46774 small 0
46603 46758 small 5
46606 46792 tiny 3
46638 46783 3xlarge 8
46649 46798 medium 3
46653 46758 5xlarge 4
46654 46995 large 7
46666 46770 5xlarge 2
46672 46755 large 9
46674 46791 6xlarge 7
46676 46731 xlarge 2
46680 46743 5xlarge 9
46729 46894 3xlarge 5
46754 46869 3xlarge 3
46754 46875 5xlarge 8
46843 47002 3xlarge 6
46864 46961 5xlarge 7
46889 46986 large 1
46914 47033 6xlarge 9
46970 47141 small 6
46990 47572 4xlarge 1
46998 47278 2xlarge 3
47018 47212 small 7
47101 47313 3xlarge 5
47160 47352 5xlarge 8
47227 47490 4xlarge 5
47231 47509 5xlarge 1
47245 47364 3xlarge 3
47247 47375 medium 3
47252 47399 2xlarge 9
47256 47331 xlarge 3
47269 47334 xlarge 6
47274 47459 medium 7
47323 47458 xlarge 8
47394 47510 medium 4
47397 47439 small 9
47433 47553 small 6
47436 47987 large 7
47452 47612 large 4
47456 47628 4xlarge 4
47477 47617 4xlarge 9
47488 47622 medium 3
47587 47832 3xlarge 5
47605 48059 4xlarge 5
47625 47726 3xlarge 3
47628 47946 5xlarge 8
47638 48995 medium 7
47640 47802 2xlarge 7
47679 47862 xlarge 3
47680 47824 xlarge 2
47683 48925 4xlarge 1
47697 47817 xlarge 6
47707 47820 6xlarge 7
47710 47806 2xlarge 1
47721 47814 2xlarge 9
47723 47862 tiny 2
47741 47820 medium 0
47799 47921 medium 2
47806 47939 5xlarge 1
47857 47950 tiny 1
47940 48078 small 7
47959 48091 2xlarge 7
47975 48161 3xlarge 3
47996 48064 2xlarge 3
48036 48335 5xlarge 1
48041 48227 tiny 2
48069 48189 6xlarge 7
48093 48181 xlarge 2
48106 48232 large 7
48161 48666 2xlarge 4
48184 48318 medium 3
48218 49353 2xlarge 7
48273 48400 large 1
48279 48579 xlarge 2
48288 48684 4xlarge 5
48293 48407 3xlarge 3
48319 48454 6xlarge 9
48334 48435 5xlarge 7
48350 48635 large 7
48405 48593 6xlarge 7
48438 48527 5xlarge 1
48453 48546 medium 3
48473 48527 2xlarge 3
48478 48528 small 7
48580 48635 3xlarge 5
48586 48701 5xlarge 8
48653 48791 2xlarge 3
48657 48830 small 7
48682 49079 3xlarge 3
48769 48916 5xlarge 8
48802 49030 4xlarge 5
48825 49132 2xlarge 4
48902 49039 2xlarge 6
48952 49183 large 7
49039 50484 4xlarge 1
49118 49247 large 1
49124 49268 5xlarge 7
49142 49760 medium 7
49180 49247 6xlarge 9
49197 49403 5xlarge 1
49236 50466 2xlarge 4
49264 49519 4xlarge 5
49482 49626 medium 4
49483 49621 large 0
49489 49591 xlarge 8
49490 49622 4xlarge 3
49504 49635 3xlarge 3
49505 49759 small 7
49516 49606 xlarge 2
49530 49650 6xlarge 7
49531 50372 large 7
49531 49637 3xlarge 2
49535 49799 2xlarge 3
49538 50637 2xlarge 7
49540 49660 5xlarge 3
49547 49673 small 9
49634 50017 4xlarge 5
49668 49728 5xlarge 1
49722 49846 6xlarge 7
49730 50104 xlarge 2
49901 50114 3xlarge 3
49907 50122 2xlarge 6
50014 50115 5xlarge 5
50024 50153 6xlarge 4
50075 50193 3xlarge 5
50084 50240 5xlarge 1
50115 50226 small 7
50131 50199 medium 7
50149 50271 2xlarge 3
50154 50232 5xlarge 8
50255 50449 4xlarge 5
50328 50705 2xlarge 3
50354 50679 3xlarge 3
50361 50732 small 7
50362 51281 medium 7
50372 50577 5xlarge 1
50560 50959 4xlarge 5
50561 52897 4xlarge 1
50562 50754 medium 3
50571 50934 2xlarge 4
50637 50674 tiny 3
50679 52061 2xlarge 7
50694 50866 5xlarge 1
50694 50849 6xlarge 3
50698 50809 tiny 1
50716 50857 medium 2
50742 50846 medium 4
50759 50799 small 9
50759 50812 xlarge 8
50795 50917 large 7
50861 50939 xlarge 2
50915 51118 small 9
50919 51116 2xlarge 6
50946 51108 5xlarge 1
50960 51225 3xlarge 3
50969 51078 medium 4
50984 51036 xlarge 8
50997 51103 6xlarge 4
51033 51217 tiny 3
51037 51225 4xlarge 2
51053 51315 2xlarge 4
51054 51219 5xlarge 8
51056 51175 small 5
51056 51210 medium 3
51067 51465 large 7
51075 51231 large 8
51087 51207 5xlarge 2
51103 51276 4xlarge 5
51107 51155 5xlarge 0
51175 51298 3xlarge 8
51197 51352 5xlarge 9
51273 51466 tiny 3
51284 51450 5xlarge 7
51285 51429 large 0
51292 51418 5xlarge 2
51299 51561 small 7
51300 51455 5xlarge 3
51302 51419 large 1
51307 51395 large 8
51308 51469 medium 3
51320 51872 3xlarge 3
51323 51473 small 5
51323 51594 2xlarge 6
51326 51467 4xlarge 3
51328 51428 3xlarge 2
51335 51517 2xlarge 3
51337 51479 6xlarge 1
51342 51433 6xlarge 9
51349 51411 small 1
51398 51527 tiny 9
51402 51563 3xlarge 0
51407 51536 2xlarge 8
51407 51556 5xlarge 5
51418 51573 medium 6
51419 51565 6xlarge 4
51425 51570 6xlarge 0
51461 51528 6xlarge 6
51470 51815 2xlarge 4
51520 51663 4xlarge 2
51524 51765 4xlarge 5
51527 51705 5xlarge 1
51545 51660 medium 7
51551 51838 medium 3
51555 51648 5xlarge 2
51569 51783 tiny 3
51578 51926 large 7
51580 51687 large 8
51582 51700 5xlarge 0
51596 51632 small 5
51635 51763 6xlarge 4
51642 51811 2xlarge 3
51645 51786 small 7
51661 51833 large 1
51674 51762 xlarge 2
51678 51792 5xlarge 7
51697 51755 2xlarge 6
51752 51924 small 9
51795 51902 xlarge 8
51805 51940 medium 4
51886 52115 tiny 4
51891 52292 5xlarge 8
51906 52156 3xlarge 5
51914 52116 2xlarge 5
51924 52132 3xlarge 6
51929 52182 large 1
51930 52255 4xlarge 5
51931 52400 2xlarge 4
51935 52127 6xlarge 9
51949 52000 3xlarge 4
51951 52164 5xlarge 7
52028 52187 2xlarge 3
52036 52198 small 7
52138 52372 large 7
52141 52789 2xlarge 7
52151 52285 small 9
52151 52239 medium 4
52189 52281 xlarge 8
52232 52725 medium 7
52236 52417 6xlarge 7
52240 52436 3xlarge 7
52275 52392 tiny 2
52280 52392 xlarge 2
52286 52362 tiny 8
52293 52353 5xlarge 1
52302 52401 medium 9
52303 52380 4xlarge 8
52306 52398 tiny 6
52385 52502 small 6
52394 52890 3xlarge 3
52402 52472 6xlarge 4
52433 52549 2xlarge 6
52477 52657 2xlarge 4
52534 52621 5xlarge 1
52555 52593 4xlarge 5
52598 52782 medium 4
52600 52722 small 9
52606 52719 small 5
52613 52722 4xlarge 2
52616 52774 5xlarge 2
52640 52777 5xlarge 0
52642 52742 medium 3
52665 52735 large 8
52670 52749 xlarge 8
52674 52722 tiny 3
52763 53514 4xlarge 5
52800 53677 2xlarge 4
52837 53260 large 7
52845 53949 2xlarge 7
52853 52976 xlarge 2
52855 52961 medium 7
52858 52963 3xlarge 5
52894 52971 5xlarge 8
52963 55869 4xlarge 1
52974 53232 small 7
52991 53115 2xlarge 6
52992 53091 5xlarge 5
53003 53073 6xlarge 6
53009 53272 medium 3
53011 53091 6xlarge 4
53016 53199 3xlarge 3
53022 53254 2xlarge 3
53036 53097 medium 6
53074 53218 5xlarge 2
53095 53223 small 5
53133 53199 tiny 3
53137 53237 4xlarge 2
53138 53196 5xlarge 0
53140 53277 large 8
53194 53348 3xlarge 1
53197 53372 3xlarge 5
53208 53353 3xlarge 6
53213 53311 xlarge 6
53215 53323 6xlarge 9
53226 53398 2xlarge 1
53229 53335 medium 0
53232 53348 2xlarge 0
53249 53397 5xlarge 7
53252 53319 large 1
53252 53372 2xlarge 5
53260 53381 2xlarge 9
53262 53315 3xlarge 4
53269 53349 xlarge 3
53271 53363 tiny 4
53278 53329 5xlarge 8
53330 53512 medium 7
53332 53451 3xlarge 3
53336 53457 5xlarge 2
53350 54341 large 7
53356 53482 6xlarge 4
53362 53505 tiny 3
53369 53513 small 5
53372 53498 medium 3
53375 53488 large 8
53375 53480 2xlarge 6
53597 53673 medium 7
53620 53704 5xlarge 1
53700 53911 6xlarge 7
53709 53820 5xlarge 8
53724 53982 xlarge 2
53735 53850 3xlarge 3
53739 53867 2xlarge 3
53751 53822 3xlarge 5
53760 53820 small 7
53805 53957 large 9
53822 53918 3xlarge 8
53838 53964 5xlarge 4
53840 53978 medium 7
53852 53916 4xlarge 5
53864 53918 5xlarge 9
53870 53941 2xlarge 4
53922 54113 tiny 3
53933 54118 medium 3
53960 54196 2xlarge 3
53990 54169 small 7
54038 54297 2xlarge 7
54045 54899 2xlarge 4
54047 54291 medium 7
54048 54174 5xlarge 4
54080 54198 large 9
54080 54233 3xlarge 8
54103 54212 5xlarge 9
54106 54223 small 6
54119 54557 4xlarge 5
54154 54338 6xlarge 7
54158 54350 xlarge 2
54159 54314 tiny 8
54159 54407 3xlarge 3
54164 54449 medium 3
54174 54274 medium 4
54182 54280 5xlarge 2
54186 54289 tiny 2
54196 54295 5xlarge 0
54199 54285 xlarge 8
54220 54339 small 5
54220 54317 large 8
54224 54278 small 9
54230 54300 tiny 3
54231 54337 4xlarge 2
54275 54443 2xlarge 6
54401 54575 medium 7
54403 54524 large 1
54404 54537 large 7
54409 54541 tiny 4
54410 54527 3xlarge 6
54413 54560 xlarge 2
54413 54535 5xlarge 7
54430 54517 6xlarge 7
54438 54871 2xlarge 7
54444 54592 6xlarge 9
54454 54521 2xlarge 5
54521 54692 3xlarge 3
54634 54755 6xlarge 7
54636 54770 5xlarge 9
54644 54771 3xlarge 8
54668 54775 tiny 2
54678 54932 large 7
54683 54794 5xlarge 1
54685 54882 4xlarge 5
54695 54802 xlarge 2
54710 55012 medium 7
54878 55041 small 7
54881 55065 tiny 4
54883 55020 5xlarge 0
54899 55029 small 5
54902 55008 large 8
54911 55023 4xlarge 2
54914 55056 large 1
54914 55073 3xlarge 6
54920 55072 2xlarge 3
54923 55029 5xlarge 2
54933 55071 5xlarge 7
54936 55012 medium 3
54942 55193 3xlarge 3
54947 55018 6xlarge 9
54951 55023 tiny 3
54958 55006 2xlarge 5
55009 55369 4xlarge 5
55037 55273 2xlarge 7
55047 55621 2xlarge 4
55054 55111 large 7
55165 55384 medium 3
55243 55415 medium 7
55247 55419 5xlarge 1
55290 55365 large 7
55308 55407 tiny 3
55414 56080 2xlarge 7
55483 55599 5xlarge 1
55492 55611 medium 3
55504 55619 tiny 1
55504 55616 medium 2
55506 55596 medium 7
55512 55624 4xlarge 5
55517 56494 large 7
55598 56214 3xlarge 3
55656 55740 2xlarge 6
55663 55759 xlarge 2
55722 55857 5xlarge 7
55737 55892 6xlarge 9
55783 55863 medium 7
55795 55837 large 1
55877 56874 2xlarge 4
55958 56102 3xlarge 0
55961 56564 medium 7
55962 56231 2xlarge 6
55975 56108 5xlarge 5
55976 56092 2xlarge 8
56002 56433 4xlarge 5
56019 56142 6xlarge 0
56022 56136 2xlarge 3
56023 56097 medium 6
56028 56140 small 7
56034 57479 4xlarge 1
56036 56260 6xlarge 4
56037 56129 6xlarge 6
56075 56228 large 9
56079 56271 5xlarge 4
56080 56326 5xlarge 1
56100 56209 3xlarge 8
56105 56274 small 2
56106 56237 small 0
56125 56267 5xlarge 9
56151 56236 xlarge 2
56199 56512 medium 4
56201 56486 medium 3
56201 56370 5xlarge 8
56212 56480 small 9
56217 56472 xlarge 8
56243 56374 3xlarge 5
56245 56475 2xlarge 7
56253 56331 tiny 1
56317 56479 5xlarge 2
56335 56440 tiny 3
56338 56481 large 8
56383 56556 3xlarge 3
56553 57422 large 7
56553 56827 6xlarge 9
56556 56825 5xlarge 7
56603 56874 4xlarge 5
56613 56818 large 1
56622 57786 2xlarge 7
56677 56917 2xlarge 3
56705 56943 small 7
56711 56824 3xlarge 3
56732 57678 medium 7
56827 56959 tiny 2
56839 57097 xlarge 2
56855 57062 6xlarge 7
56865 57085 5xlarge 1
56914 57045 large 1
56916 57080 5xlarge 2
56918 57105 small 5
56930 57036 medium 2
56948 57044 tiny 3
56949 57093 small 6
56960 57046 large 4
56967 57065 5xlarge 7
56968 57093 4xlarge 2
56968 57076 6xlarge 9
56969 57109 tiny 1
56971 57048 4xlarge 4
56980 57059 4xlarge 9
56981 57073 medium 3
56995 57082 2xlarge 4
56996 57078 large 8
56996 57112 5xlarge 0
57037 57463 3xlarge 3
57089 57430 6xlarge 4
57102 57409 2xlarge 6
57152 57289 tiny 2
57154 57311 small 7
57163 57285 5xlarge 5
57180 57342 medium 6
57181 57876 4xlarge 5
57184 57318 5xlarge 1
57192 57345 6xlarge 7
57194 57272 2xlarge 3
57202 57300 6xlarge 6
57209 57291 xlarge 2
57214 57936 2xlarge 4
57233 57308 3xlarge 0
57235 57355 2xlarge 8
57449 57576 small 9
57469 57548 medium 4
57477 57589 xlarge 8
57477 57598 5xlarge 1
57526 57913 medium 3
57545 57831 large 7
57552 57666 2xlarge 3
57553 57650 tiny 3
57576 57663 5xlarge 7
57576 57671 6xlarge 4
57589 57683 3xlarge 2
57590 57684 3xlarge 3
57591 57631 small 7
57592 57690 2xlarge 6
57592 57933 4xlarge 1
57640 57828 xlarge 8
57670 57797 6xlarge 7
57702 57753 medium 4
57707 57816 xlarge 2
57711 57762 small 9
57756 58000 3xlarge 3
57759 57930 4xlarge 9
57774 57892 medium 7
57802 57918 large 4
57807 57877 small 5
57807 57920 medium 8
57824 57909 5xlarge 2
57829 57909 large 8
57832 57927 tiny 3
57835 57948 large 3
57836 57901 small 6
57840 57875 4xlarge 4
57884 58031 2xlarge 7
57886 58016 large 7
57908 58007 small 7
57914 58014 6xlarge 4
57930 58004 2xlarge 6
57952 58060 3xlarge 2
57956 58031 2xlarge 3
57960 58021 xlarge 2
57960 58047 6xlarge 7
57993 59002 4xlarge 1
58015 58127 2xlarge 5
58022 58182 5xlarge 7
58025 58124 tiny 4
58050 58264 medium 7
58051 58168 3xlarge 4
58052 58133 large 1
58067 58122 6xlarge 9
58073 58128 3xlarge 6
58121 58243 3xlarge 5
58129 58238 5xlarge 8
58151 58475 4xlarge 5
58154 58545 large 7
58167 58663 2xlarge 4
58245 58373 2xlarge 6
58267 58353 5xlarge 5
58287 58412 3xlarge 8
58288 58398 5xlarge 9
58289 58474 2xlarge 7
58293 58524 3xlarge 3
58300 58367 6xlarge 4
58371 58490 small 6
58381 58507 medium 7
58433 58556 xlarge 2
58653 58768 2xlarge 7
58656 58871 xlarge 2
58657 59717 large 7
58718 58841 6xlarge 4
58730 58891 6xlarge 7
58738 59003 medium 7
58762 58875 2xlarge 6
58774 58852 3xlarge 3
58843 59089 2xlarge 4
58844 59028 tiny 3
58847 59157 2xlarge 7
58892 58993 large 8
58908 59019 5xlarge 2
58910 58954 medium 3
58920 58967 5xlarge 7
58954 59119 4xlarge 5
58955 59516 xlarge 2
58977 59125 6xlarge 7
59076 59253 medium 0
59077 59204 2xlarge 1
59083 59463 5xlarge 7
59087 59205 medium 3
59087 59217 4xlarge 0
59092 59583 4xlarge 1
59093 59274 5xlarge 8
59096 59467 large 1
59099 59232 2xlarge 9
59100 59236 xlarge 6
59101 59227 xlarge 0
59112 59218 3xlarge 5
59125 59440 6xlarge 9
59139 59279 xlarge 3
59198 59731 2xlarge 7
59207 59464 3xlarge 6
59210 59396 6xlarge 3
59224 59371 tiny 1
59235 59319 5xlarge 1
59239 59339 medium 2
59239 59356 medium 7
59277 59356 2xlarge 5
59335 59443 tiny 9
59343 59504 4xlarge 5
59344 59462 5xlarge 5
59345 59567 3xlarge 3
59345 59498 6xlarge 0
59357 59445 medium 6
59365 59444 6xlarge 4
59375 59432 xlarge 4
59375 59445 2xlarge 8
59383 59446 2xlarge 6
59384 59514 2xlarge 4
59391 59437 6xlarge 6
59399 59519 3xlarge 0
59455 59794 medium 7
59458 59805 5xlarge 1
59495 59603 medium 3
59557 59745 5xlarge 7
59584 59914 2xlarge 4
59584 59715 4xlarge 5
59595 59720 large 1
59616 59693 6xlarge 9
59847 59929 5xlarge 7
59851 61482 large 7
59858 59912 4xlarge 5
59859 60944 2xlarge 7
59874 60063 4xlarge 1
59938 61543 medium 7
59942 60083 xlarge 2
60045 60178 5xlarge 1
60050 60204 2xlarge 4
60078 60212 4xlarge 5
60239 60585 4xlarge 1
60286 60443 tiny 2
60288 60562 xlarge 2
60340 60454 6xlarge 7
60399 60709 2xlarge 6
60440 60946 2xlarge 4
60451 61000 3xlarge 3
60463 60947 4xlarge 5
60513 60699 5xlarge 7
60523 60677 6xlarge 9
60541 60707 2xlarge 5
60579 60642 large 1
60579 60681 3xlarge 6
60580 60656 5xlarge 1
60701 60800 4xlarge 1
60777 60927 xlarge 8
60782 60948 small 9
60809 61061 small 7
60822 60873 medium 4
60828 61050 2xlarge 3
60887 61075 5xlarge 1
60895 61059 tiny 1
60916 60997 5xlarge 5
60926 61064 medium 2
60928 61420 xlarge 2
60942 61433 6xlarge 7
60951 61028 2xlarge 6
60956 61016 6xlarge 4
60998 61289 tiny 8
60999 61556 2xlarge 4
61000 61592 4xlarge 1
61008 61184 large 8
61019 61150 tiny 6
61026 61153 4xlarge 5
61030 61125 tiny 3
61043 61139 5xlarge 2
61050 61189 3xlarge 7
61063 61191 medium 3
61071 61135 medium 9
61074 61417 tiny 2
61169 62385 2xlarge 7
61235 61430 3xlarge 3
61254 61384 xlarge 8
61259 61421 medium 4
61269 61423 small 9
61314 61361 4xlarge 5
61384 61535 4xlarge 4
61430 61548 5xlarge 1
61432 61494 small 6
61481 61665 small 9
61502 61658 3xlarge 3
61511 61753 2xlarge 3
61521 61600 xlarge 8
61537 61790 small 7
61552 61673 medium 4
61592 62096 4xlarge 5
61606 62083 2xlarge 4
61612 61733 3xlarge 5
61622 61722 5xlarge 8
61624 61845 large 7
61641 61992 medium 7
61657 61763 5xlarge 1
61675 61788 3xlarge 2
61734 61831 5xlarge 4
61752 61852 small 2
61763 61841 medium 3
61768 61859 5xlarge 9
61770 61914 small 0
61776 63673 4xlarge 1
61777 61847 large 9
61792 61879 3xlarge 8
61842 62032 tiny 1
61852 61970 medium 2
61882 62207 3xlarge 3
61917 61974 5xlarge 1
61919 62032 6xlarge 3
61986 62133 xlarge 2
61986 62089 6xlarge 7
61997 62107 large 7
62211 62353 xlarge 6
62214 62395 4xlarge 5
62230 62362 3xlarge 5
62233 62684 2xlarge 4
62236 62352 2xlarge 9
62244 62358 xlarge 3
62250 62362 5xlarge 8
62255 62337 5xlarge 1
62262 62610 medium 7
62326 62842 large 7
62385 62464 2xlarge 6
62396 62469 3xlarge 3
62476 62734 4xlarge 5
62486 62856 2xlarge 7
62608 62955 3xlarge 3
62684 62859 6xlarge 4
62714 62955 2xlarge 6
62716 62870 5xlarge 1
62718 62836 5xlarge 5
62756 63211 medium 7
62808 62973 3xlarge 6
62821 62917 4xlarge 5
62848 62937 5xlarge 7
62875 62916 6xlarge 9
62877 62958 large 1
62878 63040 2xlarge 4
62918 63087 5xlarge 1
62935 63118 medium 3
62996 63564 large 7
63042 63333 3xlarge 3
63060 63327 2xlarge 3
63066 63209 5xlarge 8
63096 63459 2xlarge 7
63098 63228 3xlarge 5
63116 63274 small 7
63152 63280 5xlarge 0
63155 63595 medium 3
63157 63277 5xlarge 2
63174 63282 2xlarge 4
63185 63289 tiny 3
63196 63352 4xlarge 5
63229 63279 4xlarge 2
63234 63318 small 5
63237 63301 large 8
63302 63436 6xlarge 7
63309 63446 xlarge 2
63473 63638 medium 7
63529 63703 small 4
63532 63717 3xlarge 4
63550 64287 2xlarge 4
63552 63651 6xlarge 9
63571 63710 3xlarge 1
63573 63643 medium 1
63573 63637 3xlarge 6
63579 63690 3xlarge 3
63586 63692 2xlarge 0
63590 63707 2xlarge 5
63591 63663 tiny 4
63599 63655 5xlarge 7
63600 63700 large 1
63635 63773 5xlarge 8
63647 63799 2xlarge 7
63664 64239 large 7
63700 63834 3xlarge 5
63700 64305 4xlarge 5
63766 63996 medium 7
63775 63953 2xlarge 6
63813 64183 4xlarge 1
63820 63956 3xlarge 3
63838 63947 6xlarge 4
63840 63952 5xlarge 1
63884 63997 large 8
63916 63993 medium 3
63939 64060 tiny 3
63954 64071 5xlarge 2
63996 64163 3xlarge 3
64065 64271 2xlarge 7
64113 64310 xlarge 2
64125 64316 medium 7
64144 64289 2xlarge 5
64146 64266 6xlarge 7
64159 64251 6xlarge 9
64170 64287 5xlarge 7
64172 64264 tiny 4
64173 64291 3xlarge 6
64176 64261 large 1
64183 64309 5xlarge 8
64184 64282 5xlarge 1
64193 64318 3xlarge 4
64232 64557 2xlarge 6
64279 64771 3xlarge 3
64293 64408 medium 3
64314 66762 4xlarge 1
64353 64512 6xlarge 7
64379 64598 2xlarge 7
64393 64653 2xlarge 4
64404 64474 6xlarge 4
64410 64550 large 7
64437 64544 xlarge 2
64494 64671 5xlarge 7
64497 64674 5xlarge 1
64510 64614 medium 7
64536 64609 4xlarge 5
64628 64715 6xlarge 7
64631 64765 xlarge 2
64640 64721 large 7
64717 64889 medium 4
64728 64864 xlarge 8
64742 64839 3xlarge 5
64751 64909 2xlarge 9
64783 64898 5xlarge 8
64789 65028 medium 7
64795 65912 2xlarge 7
64840 65278 xlarge 2
64849 65123 3xlarge 3
64852 65004 6xlarge 7
64883 65805 2xlarge 4
64889 65018 4xlarge 5
64892 64963 tiny 2
64912 65209 large 7
64965 65135 5xlarge 8
65020 65158 2xlarge 9
65038 65115 3xlarge 5
65039 65104 xlarge 3
65117 65497 4xlarge 5
65120 65628 medium 7
65212 65346 5xlarge 8
65220 65355 3xlarge 5
65322 65573 5xlarge 1
65354 65502 2xlarge 6
65354 65464 6xlarge 4
65360 65510 3xlarge 3
65364 65453 small 7
65367 65501 2xlarge 3
65432 65595 2xlarge 9
65457 65587 large 7
65467 65563 3xlarge 6
65469 65678 6xlarge 9
65476 65711 5xlarge 8
65481 65702 3xlarge 5
65508 65742 large 1
65512 65733 5xlarge 7
65560 65676 xlarge 8
65571 65685 small 9
65599 65759 medium 4
65604 65868 4xlarge 5
65682 65809 medium 7
65687 65810 4xlarge 2
65705 65801 small 5
65723 65830 tiny 3
65727 65827 5xlarge 0
65732 65844 5xlarge 1
65733 65827 medium 3
65738 65840 5xlarge 2
65744 65847 large 8
65801 66217 xlarge 2
65813 65994 small 9
65819 65969 medium 4
65851 66156 large 7
65853 65915 xlarge 8
65869 65911 6xlarge 7
65876 65933 3xlarge 3
65920 66115 5xlarge 8
65934 66648 medium 7
65936 66076 large 1
65936 66514 2xlarge 4
65959 66092 3xlarge 5
65959 66045 3xlarge 6
65975 66109 6xlarge 9
65984 66100 5xlarge 7
66047 66154 6xlarge 4
66049 66416 2xlarge 7
66060 66236 2xlarge 6
66111 66180 3xlarge 3
66152 66421 4xlarge 5
66191 66344 5xlarge 8
66207 66323 3xlarge 5
66318 66395 large 7
66423 66718 5xlarge 1
66431 66538 3xlarge 3
66557 67176 2xlarge 7
66646 66828 5xlarge 8
66695 67389 large 7
66706 66790 3xlarge 5
66711 67038 4xlarge 5
66712 67409 2xlarge 4
66764 67030 2xlarge 6
66769 67154 3xlarge 3
66787 67066 6xlarge 4
66796 66905 5xlarge 9
66807 66920 medium 7
66821 66907 3xlarge 8
66874 67034 3xlarge 5
66879 67054 6xlarge 1
66885 66993 small 1
66886 66992 5xlarge 8
66894 67001 3xlarge 2
66902 67000 large 0
66903 67032 5xlarge 3
66908 67043 6xlarge 7
66913 67057 2xlarge 3
66926 67035 small 7
66928 66991 2xlarge 9
66944 66995 4xlarge 1
66957 67076 xlarge 2
66960 67019 4xlarge 3
67062 67671 medium 7
67156 69302 4xlarge 1
67159 67296 5xlarge 2
67182 67391 4xlarge 5
67191 67475 medium 3
67193 67473 tiny 3
67199 67317 large 8
67255 67415 6xlarge 9
67264 67414 large 1
67278 67373 5xlarge 1
67298 67427 5xlarge 7
67354 67649 6xlarge 4
67366 67482 4xlarge 2
67369 67474 small 5
67379 67606 5xlarge 5
67389 67651 2xlarge 6
67392 67622 2xlarge 8
67406 67602 medium 6
67407 67540 5xlarge 2
67412 67537 large 8
67413 67889 2xlarge 7
67414 67594 6xlarge 6
67433 67479 5xlarge 0
67435 67592 3xlarge 0
67437 67616 3xlarge 3
67484 67600 medium 4
67495 67666 small 9
67502 67848 large 7
67508 67600 small 7
67514 67647 2xlarge 3
67520 67743 5xlarge 8
67543 67645 3xlarge 5
67545 67628 xlarge 8
67548 67781 2xlarge 4
67612 67774 xlarge 2
67627 67726 4xlarge 5
67737 67901 medium 4
67738 67887 xlarge 8
67832 67976 3xlarge 3
67863 68115 large 1
67867 67958 2xlarge 6
67880 68148 medium 3
67905 68143 medium 7
67908 67989 2xlarge 4
67913 68104 5xlarge 7
67915 67958 4xlarge 5
67954 68744 large 7
67957 68151 xlarge 2
67966 68131 2xlarge 5
68003 68074 3xlarge 6
68005 68118 tiny 4
68021 68147 6xlarge 9
68075 68272 large 9
68098 68492 4xlarge 5
68114 68275 3xlarge 3
68118 68244 3xlarge 8
68136 68758 2xlarge 4
68142 68277 5xlarge 4
68148 68220 5xlarge 9
68209 68319 2xlarge 7
68230 68358 xlarge 2
68254 68508 medium 7
68318 68478 3xlarge 2
68321 68436 2xlarge 6
68337 68491 2xlarge 8
68343 68455 2xlarge 3
68343 68437 5xlarge 3
68345 68497 6xlarge 6
68350 68471 6xlarge 1
68350 68518 6xlarge 4
68354 68505 3xlarge 0
68355 68490 small 7
68361 68462 small 1
68361 68508 5xlarge 5
68361 68447 6xlarge 0
68364 68456 medium 6
68370 68461 4xlarge 3
68376 68440 3xlarge 3
68385 68473 large 0
68561 68839 5xlarge 8
68577 68706 medium 3
68584 68716 large 8
68585 68814 medium 7
68585 68720 4xlarge 5
68592 68727 2xlarge 7
68600 68692 tiny 3
68613 68728 5xlarge 2
68637 68872 3xlarge 5
68809 68984 6xlarge 4
68810 68963 3xlarge 3
68811 69092 2xlarge 4
68827 69087 4xlarge 5
68855 68950 large 7
68880 68934 2xlarge 6
68937 69057 5xlarge 1
68942 69046 medium 7
68955 70527 2xlarge 7
69038 69201 2xlarge 6
69047 69210 6xlarge 4
69061 69291 small 7
69063 69281 2xlarge 3
69082 69575 3xlarge 3
69157 69430 5xlarge 8
69183 69313 xlarge 2
69197 69428 3xlarge 5
69200 69290 5xlarge 1
69215 69353 3xlarge 2
69235 69897 medium 7
69237 69345 large 7
69272 69448 5xlarge 7
69274 69576 4xlarge 5
69324 69677 2xlarge 4
69329 69447 6xlarge 9
69348 69465 large 1
69424 69587 6xlarge 7
69426 69567 medium 4
69428 69804 4xlarge 1
69431 69549 tiny 2
69435 69581 xlarge 8
69436 69573 xlarge 2
69446 69531 large 7
69469 69511 small 9
69532 69697 3xlarge 5
69571 69695 5xlarge 8
69654 69798 large 7
69655 69901 3xlarge 3
69657 69787 6xlarge 4
69700 69949 2xlarge 6
69754 69876 5xlarge 8
69812 69907 3xlarge 5
69880 70159 4xlarge 1
69919 70268 2xlarge 4
69943 70196 large 7
69999 70246 3xlarge 5
70003 70168 2xlarge 3
70003 70237 5xlarge 8
70033 70136 4xlarge 5
70046 70645 medium 7
70053 70477 3xlarge 3
70059 70129 small 7
70156 70285 2xlarge 6
70244 70726 large 7
70261 70403 medium 4
70270 70400 6xlarge 7
70294 70432 small 9
70298 70383 xlarge 8
70302 72340 4xlarge 1
70305 70411 xlarge 2
70373 70653 2xlarge 4
70388 70558 4xlarge 5
70595 70752 xlarge 2
70636 70742 5xlarge 7
70675 71090 3xlarge 3
70679 70760 large 1
70740 72454 2xlarge 4
70746 70997 medium 7
70778 70857 small 6
70790 70843 4xlarge 5
70832 70989 5xlarge 1
70886 71001 2xlarge 7
70953 71106 large 9
70956 71120 large 7
70961 71158 small 0
70965 71102 5xlarge 5
70969 71238 4xlarge 5
70997 71125 small 2
71011 71078 5xlarge 9
71020 71105 2xlarge 6
71023 71153 3xlarge 8
71024 71094 5xlarge 4
71035 71143 6xlarge 4
71078 71344 2xlarge 7
71080 71256 5xlarge 1
71094 71264 medium 3
71132 71959 medium 7
71148 71228 tiny 3
71210 71355 5xlarge 7
71250 71371 large 1
71265 71364 large 7
71379 71630 3xlarge 3
71434 71623 5xlarge 1
71467 71735 2xlarge 7
71511 71734 4xlarge 5
71578 71798 5xlarge 7
71630 71685 medium 3
71672 71857 5xlarge 1
71687 71873 6xlarge 9
71722 71796 3xlarge 3
71726 71830 large 1
71795 72412 4xlarge 5
71809 71963 small 7
71819 71956 medium 3
71820 71989 large 0
71824 71958 5xlarge 3
71830 72074 large 7
71845 71955 3xlarge 2
71847 71949 2xlarge 3
71865 71925 4xlarge 3
71875 71979 small 1
71931 72068 xlarge 2
71946 72046 6xlarge 7
72039 72196 5xlarge 3
72041 72654 5xlarge 1
72042 72207 xlarge 8
72050 72230 medium 2
72052 72156 6xlarge 3
72053 72708 medium 7
72056 72164 small 1
72060 72166 2xlarge 3
72073 72201 4xlarge 3
72079 72174 3xlarge 3
72084 72214 tiny 1
72092 72161 large 0
72097 72187 medium 4
72101 72156 small 7
72116 72201 3xlarge 2
72118 72632 2xlarge 7
72152 72289 5xlarge 0
72154 72339 4xlarge 2
72155 72347 3xlarge 5
72157 72354 5xlarge 8
72160 72288 small 5
72167 72337 tiny 3
72170 72292 medium 3
72195 72312 5xlarge 2
72221 72350 large 8
72223 72433 large 7
72234 72306 xlarge 2
72430 72712 medium 3
72435 72532 large 8
72438 72530 small 5
72439 72670 4xlarge 1
72445 72581 5xlarge 0
72449 72567 4xlarge 2
72459 72584 tiny 3
72477 72579 5xlarge 2
72514 72662 2xlarge 6
72540 72669 3xlarge 3
72543 72699 6xlarge 4
72662 72754 4xlarge 5
72664 72952 small 7
72686 72777 2xlarge 4
72695 72828 5xlarge 8
72712 72771 large 7
72714 72904 2xlarge 3
72761 72926 tiny 3
72782 72948 5xlarge 3
72787 72887 5xlarge 1
72792 72900 large 0
72795 72920 4xlarge 1
72795 72888 4xlarge 3
72800 72872 large 8
72801 73361 medium 7
72804 72891 medium 3
72820 72898 5xlarge 2
72834 72927 3xlarge 2
72901 73252 4xlarge 5
72923 73286 2xlarge 4
72925 73157 3xlarge 3
72934 73067 5xlarge 8
72994 73535 4xlarge 1
73002 73188 small 6
73011 73150 2xlarge 7
73033 73362 tiny 3
73043 73553 medium 3
73060 73407 large 8
73070 73359 5xlarge 2
73122 73265 3xlarge 5
73142 73251 3xlarge 8
73143 73314 5xlarge 8
73158 73232 5xlarge 9
73159 73246 large 7
73179 73297 tiny 2
73181 73294 tiny 8
73183 73315 xlarge 2
73196 73261 6xlarge 7
73245 73417 medium 4
73269 73359 5xlarge 0
73279 73506 2xlarge 7
73281 73387 xlarge 8
73297 73421 small 5
73297 73414 small 9
73316 73421 4xlarge 2
73368 73831 2xlarge 4
73418 73541 3xlarge 3
73420 73516 2xlarge 6
73431 73517 5xlarge 5
73435 73556 6xlarge 4
73494 73626 2xlarge 3
73497 73613 large 7
73501 73722 4xlarge 5
73509 73604 small 7
73515 73616 3xlarge 2
73538 74800 medium 7
73680 73961 2xlarge 7
73713 73872 3xlarge 3
73719 73918 large 2
73719 73847 6xlarge 6
73724 73851 3xlarge 0
73733 73908 5xlarge 5
73737 74019 xlarge 2
73746 73903 2xlarge 8
73757 73871 xlarge 4
73760 73897 medium 6
73766 73985 large 7
73766 73834 2xlarge 6
73766 74039 6xlarge 7
73782 73831 xlarge 1
73783 73831 6xlarge 0
73794 73909 6xlarge 4
73797 73895 tiny 9
73844 73977 tiny 1
73845 73992 2xlarge 3
73849 73972 medium 4
73865 73979 small 7
73881 74003 xlarge 8
73892 74036 4xlarge 1
73911 74226 5xlarge 1
73953 74129 2xlarge 4
74026 74259 3xlarge 3
74079 75330 4xlarge 1
74090 74488 large 7
74095 74266 5xlarge 8
74231 74495 4xlarge 5
74239 74354 xlarge 2
74245 74458 2xlarge 7
74255 74483 2xlarge 4
74390 74476 xlarge 8
74454 74624 6xlarge 4
74470 74584 2xlarge 6
74499 75059 3xlarge 3
74503 74560 2xlarge 3
74512 74598 small 7
74561 74712 5xlarge 1
74571 74873 large 7
74603 74977 2xlarge 4
74679 74874 6xlarge 9
74690 75297 2xlarge 7
74692 74814 tiny 4
74699 74803 4xlarge 5
74703 74866 medium 3
74708 74806 2xlarge 5
74712 74833 3xlarge 4
74724 74818 3xlarge 6
74725 74817 large 1
74727 74823 5xlarge 7
74729 74827 3xlarge 1
74935 75080 small 7
74948 75051 6xlarge 4
74980 75090 2xlarge 6
74993 75044 medium 3
74993 75067 2xlarge 3
75042 75209 3xlarge 8
75067 75183 5xlarge 8
75082 75183 4xlarge 5
75088 75171 2xlarge 4
75104 75230 5xlarge 9
75118 75426 5xlarge 1
75120 75445 medium 7
75154 75320 tiny 1
75155 75359 medium 2
75160 75354 large 7
75167 75276 6xlarge 3
75181 75338 small 7
75198 75281 2xlarge 3
75281 75418 xlarge 6
75286 75427 2xlarge 9
75288 75399 2xlarge 6
75293 75436 xlarge 0
75312 75470 medium 0
75314 75411 3xlarge 3
75321 75444 5xlarge 8
75322 75469 xlarge 3
75333 75479 6xlarge 4
75347 75444 2xlarge 1
75357 75466 3xlarge 5
75398 75884 2xlarge 7
75403 75567 xlarge 2
75437 75672 large 7
75440 77508 4xlarge 1
75454 75589 large 1
75474 75532 5xlarge 7
75518 75991 medium 7
75530 75680 5xlarge 0
75531 75824 large 8
75534 75658 small 5
75542 75675 4xlarge 2
75554 75806 tiny 3
75555 75812 5xlarge 2
75561 75787 medium 3
75645 76732 2xlarge 4
75645 75826 5xlarge 1
75648 75812 3xlarge 3
75661 75812 5xlarge 7
75706 76292 4xlarge 5
75766 76059 large 7
75770 75895 small 7
75787 75904 2xlarge 9
75793 75892 xlarge 2
75809 75924 2xlarge 3
75809 75873 3xlarge 5
75836 75913 5xlarge 8
75907 76065 5xlarge 1
76034 76241 5xlarge 8
76044 76141 2xlarge 7
76112 76295 large 7
76123 76247 xlarge 2
76143 76249 3xlarge 5
76153 76247 large 1
76175 76264 6xlarge 7
76180 76415 5xlarge 7
76184 76390 medium 7
76185 76538 3xlarge 3
76250 76396 5xlarge 1
76311 76354 2xlarge 7
76396 76659 5xlarge 8
76416 76791 large 7
76434 76732 4xlarge 5
76472 76666 2xlarge 7
76492 76678 xlarge 8
76500 76645 medium 7
76517 76615 2xlarge 3
76530 76664 medium 4
76543 76640 small 7
76555 76799 medium 3
76606 76719 3xlarge 3
76615 76792 6xlarge 4
76617 76795 tiny 3
76632 76756 6xlarge 7
76648 76739 2xlarge 6
76649 76759 5xlarge 2
76677 76721 xlarge 2
76714 76844 xlarge 0
76717 76866 xlarge 3
76723 76850 2xlarge 7
76733 76884 5xlarge 8
76741 76876 2xlarge 9
76743 77083 medium 7
76746 76888 3xlarge 5
76752 76839 xlarge 6
76753 76896 4xlarge 0
76754 76858 2xlarge 1
76786 76856 medium 0
76834 76952 2xlarge 4
76839 77014 4xlarge 5
76841 76970 5xlarge 9
76866 77020 3xlarge 8
76912 77118 large 7
76952 77090 5xlarge 2
76970 77152 large 8
76994 77089 small 5
77005 77155 tiny 3
77016 77128 tiny 1
77024 77105 medium 3
77024 77136 5xlarge 1
77028 77125 3xlarge 3
77032 77072 xlarge 2
77034 77098 medium 2
77037 77109 6xlarge 3
77110 77236 2xlarge 4
77137 77239 4xlarge 5
77206 77351 medium 3
77207 77720 3xlarge 3
77208 77436 medium 7
77222 77377 tiny 3
77314 77581 xlarge 2
77318 77458 5xlarge 8
77331 77714 large 7
77336 77453 2xlarge 9
77339 77626 6xlarge 7
77355 77464 2xlarge 7
77370 77499 3xlarge 5
77380 77507 5xlarge 1
77400 77596 5xlarge 7
77432 77575 3xlarge 0
77457 77623 2xlarge 6
77465 77568 6xlarge 4
77516 77623 medium 6
77516 77598 6xlarge 6
77517 77625 5xlarge 5
77520 77589 2xlarge 8
77552 77969 2xlarge 4
77552 77923 4xlarge 5
77553 78081 medium 7
77606 78107 2xlarge 7
77623 77737 5xlarge 8
77638 77728 4xlarge 1
77816 77927 small 9
77826 77957 xlarge 8
77828 77951 medium 4
77841 77923 xlarge 2
77849 80133 4xlarge 1
77855 77947 6xlarge 7
77871 78569 large 7
77964 78451 3xlarge 3
77982 78059 5xlarge 1
78032 78208 5xlarge 7
78034 78345 5xlarge 8
78045 78238 2xlarge 0
78048 78238 large 1
78049 78421 2xlarge 4
78052 78152 tiny 4
78059 78190 2xlarge 5
78061 78204 3xlarge 4
78062 78193 6xlarge 9
78071 78214 medium 3
78079 78230 4xlarge 5
78086 78169 medium 1
78094 78218 small 4
78094 78187 3xlarge 1
78096 78228 5xlarge 2
78105 78197 tiny 3
78117 78215 3xlarge 6
78120 78195 3xlarge 5
78181 78401 medium 7
78278 78404 large 1
78281 78469 tiny 4
78284 78392 5xlarge 7
78290 78475 6xlarge 9
78305 78460 3xlarge 4
78324 78475 2xlarge 5
78351 78440 3xlarge 6
78394 78524 medium 9
78399 78553 medium 3
78402 78520 6xlarge 7
78410 78513 3xlarge 5
78420 78579 tiny 8
78436 78562 tiny 2
78441 78592 5xlarge 8
78454 78572 2xlarge 7
78464 78559 tiny 6
78465 78583 xlarge 2
78471 78571 3xlarge 7
78472 78551 4xlarge 8
78515 78674 4xlarge 5
78555 78681 small 6
78556 78633 medium 7
78561 78702 5xlarge 7
78594 78674 2xlarge 4
78639 78784 small 9
78642 78901 medium 3
78687 78786 xlarge 8
78690 78956 tiny 3
78708 78769 medium 4
78719 78760 2xlarge 7
78767 79052 4xlarge 5
78791 78884 3xlarge 3
78798 79486 2xlarge 4
78804 78929 xlarge 2
78824 78882 6xlarge 7
78839 78911 large 7
78883 79039 2xlarge 9
78886 79196 2xlarge 7
78930 79046 5xlarge 8
78960 78992 3xlarge 5
78998 79190 small 9
79003 80007 large 7
79013 79193 medium 4
79017 79125 small 7
79019 79297 medium 3
79027 79197 2xlarge 3
79050 79127 xlarge 8
79055 79121 5xlarge 7
79057 79246 tiny 3
79119 79266 small 5
79119 79421 5xlarge 1
79121 79238 large 8
79127 79360 medium 7
79197 79557 4xlarge 5
79200 79258 5xlarge 2
79260 79557 6xlarge 7
79276 79527 xlarge 2
79529 80699 medium 7
79538 79678 3xlarge 3
79539 79652 2xlarge 6
79557 79638 6xlarge 4
79596 79720 small 5
79623 79781 large 8
79637 79863 medium 3
79637 79722 4xlarge 2
79644 79721 5xlarge 0
79652 79977 4xlarge 5
79658 79716 tiny 3
79659 80154 5xlarge 1
79669 79865 2xlarge 7
79676 80026 2xlarge 4
79676 79783 5xlarge 2
79790 79872 xlarge 2
79795 79880 6xlarge 7
79850 79983 large 9
79851 79998 5xlarge 4
79860 79978 medium 2
79861 79955 5xlarge 9
79869 79956 3xlarge 3
79881 79985 tiny 1
79881 79964 3xlarge 8
79910 79952 6xlarge 3
79964 80088 5xlarge 0
79975 80134 medium 3
79980 80096 large 8
79981 80089 small 6
79986 80148 5xlarge 2
80007 80108 tiny 3
80020 80111 small 5
80039 80121 4xlarge 2
80123 80263 6xlarge 7
80133 80250 large 7
80144 80262 xlarge 2
80193 80389 2xlarge 3
80193 80312 4xlarge 5
80196 80373 small 7
80227 80332 large 0
80227 80327 4xlarge 3
80234 80369 3xlarge 2
80244 80360 5xlarge 3
80248 80360 2xlarge 4
80270 80460 4xlarge 1
80327 80500 3xlarge 3
80348 80805 2xlarge 7
80457 80598 5xlarge 1
80504 80638 large 7
80552 80684 medium 4
80571 80698 small 9
80575 80723 xlarge 8
80576 81222 4xlarge 1
80578 81181 4xlarge 5
80604 80850 3xlarge 3
80632 81170 2xlarge 4
80726 80831 medium 3
80732 80949 large 7
80826 81398 medium 7
80947 81116 3xlarge 5
80959 81165 2xlarge 7
80988 81042 5xlarge 8
81098 81155 5xlarge 1
81184 81328 large 7
81297 81403 2xlarge 7
81313 82599 4xlarge 1
81394 81537 small 7
81421 81542 3xlarge 3
81446 81544 2xlarge 3
81466 82021 large 7
81469 81686 xlarge 2
81524 81657 tiny 4
81531 81652 2xlarge 7
81542 81655 2xlarge 5
81542 81650 5xlarge 7
81548 81675 3xlarge 1
81557 81704 large 1
81562 81718 6xlarge 7
81565 81681 6xlarge 9
81567 81927 medium 7
81569 81648 3xlarge 4
81576 81704 3xlarge 6
81597 81700 2xlarge 0
81636 81817 6xlarge 4
81644 81766 3xlarge 3
81657 81827 5xlarge 1
81712 81828 2xlarge 6
81763 81903 small 7
81766 81934 2xlarge 3
81774 82041 5xlarge 8
81782 81897 2xlarge 9
81791 81897 2xlarge 7
81812 82072 3xlarge 5
81832 81937 4xlarge 5
81835 81999 2xlarge 4
81906 82008 medium 3
81950 82070 3xlarge 3
82005 82233 2xlarge 7
82057 82374 5xlarge 7
82077 82127 medium 7
82115 82313 3xlarge 6
82117 82260 6xlarge 9
82133 82623 3xlarge 3
82134 82235 2xlarge 3
82137 82288 small 7
82140 82531 large 7
82173 82319 large 1
82268 82412 6xlarge 7
82277 82365 xlarge 2
82299 82512 medium 7
82368 82611 6xlarge 4
82397 82649 2xlarge 6
82409 82782 2xlarge 7
82425 82676 4xlarge 5
82439 82675 2xlarge 4
82484 82650 3xlarge 5
82560 82644 5xlarge 8
82593 82735 3xlarge 6
82596 82755 medium 7
82606 82745 small 6
82606 82736 2xlarge 5
82607 82760 large 1
82614 82721 tiny 4
82616 82905 large 7
82645 82777 5xlarge 7
82665 82795 6xlarge 9
82724 82834 xlarge 2
82756 83230 2xlarge 4
82766 83996 4xlarge 1
82790 82964 4xlarge 5
82958 83587 2xlarge 7
82959 84228 medium 7
82979 83229 5xlarge 1
83009 83095 xlarge 2
83027 83123 6xlarge 7
83032 83088 large 7
83083 83229 3xlarge 3
83108 83273 tiny 1
83113 83247 medium 2
83122 83228 6xlarge 3
83224 83391 large 7
83317 83494 3xlarge 3
83321 83450 3xlarge 0
83323 83483 2xlarge 6
83336 83455 large 2
83342 83440 2xlarge 8
83347 83505 xlarge 4
83348 83451 medium 6
83355 83443 6xlarge 4
83360 83558 2xlarge 4
83365 83490 5xlarge 5
83382 83481 6xlarge 0
83388 83495 tiny 9
83392 83472 6xlarge 6
83440 83565 tiny 3
83450 83628 small 9
83460 83583 xlarge 8
83461 83593 4xlarge 5
83493 83637 medium 3
83495 83630 5xlarge 2
83508 83557 medium 4
83623 83876 5xlarge 1
83699 83798 3xlarge 8
83733 83819 5xlarge 9
83747 83791 4xlarge 5
83755 83878 3xlarge 3
83756 83874 2xlarge 4
83940 84040 2xlarge 4
83971 84039 5xlarge 7
83984 84462 3xlarge 3
84049 84273 4xlarge 1
84090 84236 2xlarge 7
84157 84308 6xlarge 4
84168 84421 2xlarge 4
84171 84329 2xlarge 6
84175 84272 5xlarge 8
84189 84343 3xlarge 5
84193 84473 4xlarge 5
84282 84447 2xlarge 3
84306 84475 6xlarge 1
84314 84474 large 0
84322 84452 tiny 5
84323 84434 small 7
84328 84590 2xlarge 7
84334 84414 6xlarge 2
84353 84421 small 1
84353 84423 4xlarge 3
84353 84470 5xlarge 3
84354 85186 large 7
84359 84414 3xlarge 2
84392 84892 6xlarge 7
84420 85017 4xlarge 1
84430 84948 xlarge 2
84437 84951 medium 7
84466 84569 5xlarge 1
84523 84783 2xlarge 4
84554 84673 2xlarge 6
84564 84697 3xlarge 3
84576 84649 4xlarge 5
84584 84640 6xlarge 4
84588 84686 5xlarge 7
84640 84871 2xlarge 7
84783 84887 3xlarge 3
84790 84921 5xlarge 1
84814 84934 tiny 8
84829 84934 tiny 2
84998 85193 medium 6
85007 85122 2xlarge 8
85015 85199 2xlarge 6
85016 85139 xlarge 2
85020 85162 medium 7
85022 85158 5xlarge 5
85022 85179 6xlarge 6
85030 85160 3xlarge 3
85058 85182 3xlarge 0
85059 85302 2xlarge 7
85064 85111 6xlarge 0
85066 85178 6xlarge 4
85068 85909 2xlarge 4
85140 85721 4xlarge 1
85237 85492 xlarge 2
85252 85513 4xlarge 5
85263 85365 5xlarge 7
85281 85368 large 1
85282 85523 large 7
85308 85397 6xlarge 9
85360 85486 3xlarge 3
85420 85555 6xlarge 7
85534 85657 2xlarge 7
85626 85780 large 7
85629 85794 tiny 4
85631 85797 xlarge 2
85646 85772 3xlarge 6
85655 85797 5xlarge 7
85656 85768 2xlarge 5
85659 85739 6xlarge 9
85664 85793 large 1
85721 85877 4xlarge 5
85770 86028 2xlarge 7
85837 85958 6xlarge 6
85839 85975 large 7
85839 86485 4xlarge 1
85840 85970 xlarge 4
85845 86001 tiny 9
85852 85964 6xlarge 0
85853 85978 medium 6
85855 85970 xlarge 2
85856 86011 medium 7
85880 86215 3xlarge 3
85889 85999 2xlarge 8
85899 85972 3xlarge 0
85909 85955 2xlarge 6
85913 85967 6xlarge 4
85915 85999 5xlarge 5
85954 86503 2xlarge 4
85963 86390 4xlarge 5
85978 86105 large 9
85989 86156 5xlarge 9
86016 86099 3xlarge 8
86020 86158 5xlarge 4
86075 86336 small 5
86078 86362 xlarge 2
86083 86382 medium 3
86088 86311 5xlarge 2
86109 86396 tiny 3
86111 86384 large 7
86112 86478 2xlarge 7
86114 86231 medium 7
86126 86314 large 8
86130 86191 xlarge 8
86142 86200 small 9
86143 86226 medium 4
86244 86345 6xlarge 7
86256 86318 4xlarge 2
86274 86394 5xlarge 0
86326 86474 xlarge 8
86379 86443 small 9
86385 86441 medium 4
