#base_trace: teragrid, config_file: configs/testing/day1/config100.xml, total_servers: 100, total_time: 86400, time_dist_mean: 0.688000, time_dist_stdev: 0.531000, node_dist_mean: -1.408000, node_dist_stdev: 1.907000
0 675 tiny 6
101 153 xlarge 0
315 477 5xlarge 2
514 672 xlarge 0
652 835 5xlarge 2
765 957 tiny 6
873 1149 tiny 3
1147 1245 3xlarge 2
1240 1523 xlarge 0
1292 1534 tiny 6
1380 1553 5xlarge 2
1680 1781 5xlarge 2
1726 1854 tiny 6
1962 2101 xlarge 0
2124 2219 tiny 3
2235 2387 tiny 6
2316 2510 3xlarge 2
2479 2633 5xlarge 2
2821 2949 tiny 6
2919 3108 tiny 3
3218 3333 xlarge 0
3324 3408 3xlarge 2
3421 3563 xlarge 0
3687 3823 5xlarge 2
3763 4015 tiny 6
3893 4064 5xlarge 2
4075 4158 xlarge 0
4240 4433 xlarge 5
4244 4378 5xlarge 4
4283 4439 small 9
4385 4529 tiny 6
4766 4846 xlarge 0
4870 5009 tiny 6
5475 5586 small 2
5516 5599 6xlarge 4
5568 5745 4xlarge 1
5571 5734 5xlarge 6
5575 5674 tiny 3
5593 5704 6xlarge 1
5692 5871 xlarge 0
5797 5985 tiny 6
6182 6280 3xlarge 2
6313 6453 tiny 6
6675 6822 xlarge 0
6899 7049 tiny 6
7245 7471 xlarge 0
7507 7657 tiny 3
7507 7623 5xlarge 6
7519 7618 4xlarge 1
7983 8088 tiny 3
7989 8148 5xlarge 6
7990 8125 tiny 6
8008 8239 5xlarge 2
8337 8470 5xlarge 2
8629 8845 5xlarge 2
8814 8991 tiny 6
9032 9205 tiny 6
9101 9193 2xlarge 5
9163 9278 5xlarge 2
9170 9329 6xlarge 3
9209 9308 xlarge 0
9324 9455 tiny 6
9675 9757 5xlarge 2
9817 9904 tiny 3
9921 10042 xlarge 0
10186 10264 3xlarge 2
10788 11136 tiny 6
11079 11213 xlarge 0
11505 11581 xlarge 0
11731 11808 6xlarge 3
11831 11937 tiny 6
11855 11942 xlarge 0
13024 13177 xlarge 0
13770 13900 5xlarge 2
13871 14023 4xlarge 1
13905 13992 xlarge 0
13970 14103 tiny 6
14440 14755 xlarge 0
14495 14579 5xlarge 2
14740 14853 5xlarge 2
14805 14990 3xlarge 2
14975 15032 5xlarge 2
15521 15707 tiny 1
15558 15701 large 8
15560 15672 4xlarge 1
15584 15826 xlarge 0
15599 15640 5xlarge 5
15780 15932 tiny 6
16012 16168 tiny 6
16388 16551 xlarge 0
16544 16653 6xlarge 3
16772 16915 5xlarge 2
16790 16863 tiny 6
16984 17131 3xlarge 2
17252 17334 tiny 6
17688 17942 xlarge 0
17740 17801 tiny 6
17923 18042 5xlarge 4
17962 18073 xlarge 5
18402 18594 2xlarge 7
18434 18567 tiny 4
18442 18532 large 0
18459 18593 6xlarge 3
18670 18920 xlarge 0
18713 18923 tiny 6
19016 19170 xlarge 0
19492 19604 5xlarge 6
19540 19629 tiny 3
19633 19899 xlarge 0
19971 20103 xlarge 0
20015 20203 tiny 6
20074 20240 5xlarge 6
20075 20220 tiny 3
21439 21948 xlarge 0
21538 21633 tiny 6
21815 21937 5xlarge 2
21921 22175 tiny 6
22116 22259 4xlarge 1
22145 22284 3xlarge 2
22185 22266 5xlarge 5
22194 22311 large 8
22409 22520 tiny 6
22542 22599 xlarge 0
22850 23029 xlarge 0
22866 22987 tiny 6
22879 22971 3xlarge 2
22915 23009 tiny 3
23394 23496 tiny 6
23455 23571 3xlarge 2
24163 24461 tiny 6
24423 24940 xlarge 0
24792 24937 tiny 3
25011 25184 xlarge 0
25017 25189 4xlarge 3
25032 25135 3xlarge 1
25032 25141 3xlarge 9
25034 25140 tiny 6
25035 25186 2xlarge 5
25604 25741 xlarge 0
25713 25840 3xlarge 2
25786 25869 tiny 6
27060 27215 xlarge 0
27442 27548 xlarge 0
27454 27645 tiny 6
27553 27646 tiny 3
27568 27694 5xlarge 2
27790 28025 xlarge 0
27815 27905 5xlarge 4
28160 28246 5xlarge 2
28190 28434 tiny 6
28762 28899 tiny 6
28784 28842 tiny 3
28833 29004 xlarge 0
28957 29572 tiny 6
29555 29689 xlarge 0
29853 29941 3xlarge 4
29877 29953 xlarge 0
30100 30239 xlarge 0
30275 30465 tiny 6
30352 30532 xlarge 0
30787 30953 5xlarge 2
31060 31122 xlarge 0
31264 31414 tiny 6
32590 32797 tiny 6
32726 32796 xlarge 0
33000 33088 5xlarge 2
33086 33193 tiny 6
33292 33414 tiny 3
33401 33525 tiny 6
33562 33714 4xlarge 1
33595 33652 large 8
33651 33781 tiny 3
33717 33795 tiny 6
35561 35729 2xlarge 5
35595 35715 3xlarge 4
35616 35680 tiny 6
35619 35805 xlarge 0
35632 35758 4xlarge 3
35635 35696 3xlarge 9
36113 36209 tiny 6
36347 36462 tiny 6
36470 36523 3xlarge 2
36473 36596 xlarge 0
36635 36992 xlarge 0
36649 36757 tiny 6
36676 36785 5xlarge 2
37071 37114 tiny 6
37277 37404 tiny 6
37316 37399 5xlarge 2
37797 37964 tiny 6
38103 38274 5xlarge 6
38138 38228 xlarge 9
38150 38212 tiny 3
38155 38231 6xlarge 1
38338 38477 tiny 6
38634 38942 tiny 6
38858 38912 xlarge 0
39101 39192 tiny 3
39107 39448 xlarge 0
39340 39455 tiny 6
39784 40073 xlarge 0
40123 40412 xlarge 0
40366 40508 xlarge 1
40369 40550 tiny 6
40372 40554 medium 1
40419 40549 2xlarge 1
40425 40521 5xlarge 2
41326 41494 5xlarge 2
41576 41674 2xlarge 1
41610 41729 5xlarge 2
41800 41961 xlarge 0
42226 42281 xlarge 0
42310 42544 tiny 6
42718 42822 tiny 6
42774 42912 large 8
42792 42948 4xlarge 1
42798 42882 5xlarge 5
43161 43285 tiny 3
43188 43304 tiny 6
43194 43429 xlarge 0
43438 43522 tiny 6
43741 43910 xlarge 0
44102 44264 tiny 3
44107 44253 xlarge 5
44118 44249 5xlarge 4
44146 44233 small 9
45039 45311 tiny 6
46040 46117 5xlarge 2
46144 46307 xlarge 0
46293 46418 tiny 6
46368 46494 5xlarge 2
46668 46879 tiny 6
46675 46713 2xlarge 5
47444 47636 5xlarge 2
48448 48534 xlarge 0
48539 48703 tiny 6
49121 49267 xlarge 0
50107 50216 6xlarge 3
51185 51289 tiny 6
51405 51552 xlarge 0
51668 51795 tiny 3
52258 52373 3xlarge 2
52416 52547 5xlarge 2
52611 52791 xlarge 0
52888 52963 xlarge 0
53461 53618 tiny 3
53846 53968 tiny 6
54103 54202 tiny 6
54343 54520 tiny 6
54349 54429 xlarge 0
54708 54914 tiny 6
54784 54890 2xlarge 6
54840 54945 3xlarge 4
55366 55504 xlarge 0
55730 55898 xlarge 0
56079 56271 2xlarge 5
56113 56225 tiny 6
56381 56482 xlarge 0
56711 56872 xlarge 0
56733 56797 tiny 3
56976 57044 5xlarge 2
57034 57199 xlarge 0
57653 57827 xlarge 0
57764 57890 tiny 3
57778 57958 2xlarge 1
57799 57921 medium 1
57802 57910 5xlarge 2
57837 57901 xlarge 1
58143 58293 xlarge 3
58149 58246 xlarge 0
58250 58387 tiny 6
58898 59018 xlarge 0
59385 59440 xlarge 0
60316 60406 tiny 3
61002 61148 3xlarge 2
61521 61608 tiny 3
61736 61866 tiny 6
61969 62120 6xlarge 3
61983 62153 tiny 4
61997 62079 large 0
62727 62832 xlarge 0
62840 62911 tiny 6
64850 64965 tiny 6
65083 65233 xlarge 0
65266 65312 tiny 3
66207 66296 xlarge 0
66804 66953 tiny 6
66956 67044 xlarge 0
68138 68251 tiny 6
68156 68221 xlarge 0
68858 68984 xlarge 0
68875 68916 tiny 3
68924 69070 tiny 6
69318 69449 xlarge 0
70317 70416 xlarge 0
70984 71109 2xlarge 5
70990 71138 tiny 6
71015 71146 3xlarge 9
71636 71716 tiny 3
72167 72337 xlarge 0
72218 72315 tiny 6
72648 72767 tiny 3
72653 72796 6xlarge 1
72700 72775 5xlarge 6
73163 73308 tiny 6
73655 73795 tiny 6
74598 74707 tiny 3
74936 75067 tiny 3
75078 75197 tiny 6
75307 75463 tiny 3
75798 75877 tiny 6
76729 76833 small 9
76775 76900 xlarge 5
76795 76840 5xlarge 4
76865 76963 tiny 6
77677 77846 xlarge 0
78082 78204 tiny 6
78475 78561 3xlarge 2
78592 78649 5xlarge 2
79005 79192 5xlarge 6
79046 79178 6xlarge 1
79070 79174 tiny 3
79878 79998 tiny 6
80033 80089 5xlarge 2
81069 81159 xlarge 0
82540 82662 tiny 6
83204 83350 xlarge 9
83222 83314 5xlarge 6
83230 83397 tiny 3
83230 83317 5xlarge 8
83249 83385 6xlarge 1
83279 83346 4xlarge 7
83515 83602 4xlarge 1
83755 83819 tiny 6
86024 86150 tiny 6
86098 86243 tiny 3
86114 86261 6xlarge 1
86143 86195 5xlarge 6
