#base_trace: websites02, config_file: configs/scheduling/personal-config7.xml, total_servers: 9, total_time: 86400, time_dist_mean: 2.430000, time_dist_stdev: 0.300000, node_dist_mean: 1.650000, node_dist_stdev: 1.220000
0 50 tiny 1
0 54 medium 2
157 320 small 0
176 336 tiny 2
308 452 medium 2
331 442 tiny 1
456 553 tiny 0
1021 1164 tiny 2
1294 1380 small 0
1307 1502 tiny 2
1651 1730 tiny 2
1714 1862 tiny 1
2348 2457 tiny 2
2490 2583 small 0
2506 2591 medium 1
2606 2697 small 2
2713 2855 tiny 2
3039 3213 tiny 1
3094 3317 tiny 2
3106 3237 medium 2
3208 3272 small 0
3231 3307 medium 1
3287 3432 tiny 0
3635 3824 tiny 2
3897 4064 medium 1
3931 4068 small 0
3996 4144 small 2
4156 4278 tiny 2
4630 4771 small 2
4675 4717 small 1
4853 5035 medium 0
4876 5017 tiny 1
4906 4978 medium 2
5217 5381 tiny 1
5582 5878 tiny 2
5621 5727 small 0
5919 6034 tiny 2
6571 6910 tiny 2
6709 6752 tiny 1
7077 7151 tiny 2
7631 7751 tiny 2
7856 7964 tiny 2
8085 8240 small 0
8143 8203 medium 1
8452 8698 tiny 2
8870 9081 tiny 2
9073 9222 medium 1
9079 9201 small 0
9767 9935 small 0
9813 9888 medium 1
9832 9914 tiny 2
10171 10380 tiny 2
10315 10360 tiny 0
10535 10598 tiny 2
10594 10715 tiny 1
10866 11207 tiny 2
11602 11745 tiny 2
11725 11798 small 0
12073 12204 tiny 2
12300 12427 medium 0
12314 12455 tiny 1
12325 12398 small 0
12340 12416 medium 2
12669 12815 tiny 2
12895 12995 medium 2
12953 13007 tiny 1
13071 13179 tiny 2
13270 13363 medium 0
13271 13381 medium 2
13288 13417 tiny 1
13295 13416 tiny 2
13642 13723 tiny 2
13968 14216 tiny 2
14364 14465 tiny 2
14595 14846 tiny 2
14600 14686 tiny 1
15080 15215 tiny 2
15409 15566 medium 2
15431 15560 tiny 1
15834 15887 tiny 2
16257 16523 tiny 2
16274 16360 tiny 1
16652 16916 tiny 2
18082 18225 small 2
18092 18186 tiny 2
18354 18425 small 2
19603 19760 tiny 1
19638 19724 medium 1
19651 19779 small 0
19903 20144 tiny 2
20582 20703 tiny 2
20735 20872 small 1
20971 21081 tiny 2
22176 22306 tiny 2
22498 22624 tiny 2
22549 22766 small 0
22887 23139 tiny 2
23202 23514 tiny 2
23992 24036 tiny 2
24239 24315 tiny 2
24994 25173 tiny 1
25022 25196 medium 0
25027 25153 medium 2
25152 25273 tiny 2
25910 26018 tiny 2
26449 26601 tiny 2
26846 27093 small 0
26995 27052 tiny 2
27275 27472 small 0
27473 27566 tiny 2
27919 28031 tiny 1
27922 28073 medium 2
28077 28164 tiny 2
28420 28539 tiny 2
28607 28788 tiny 2
28867 29031 small 1
29031 29146 tiny 2
29438 29564 medium 1
29470 29584 tiny 2
29509 29560 small 0
29733 29834 tiny 2
29920 30110 small 2
30099 30277 tiny 2
30394 30538 tiny 1
30414 30589 tiny 2
30450 30573 medium 0
30465 30525 medium 2
30532 30801 small 0
31054 31191 tiny 0
31598 31764 tiny 0
32260 32325 tiny 2
32516 32715 tiny 2
32829 32925 tiny 2
33561 33639 small 1
33599 33658 tiny 2
33953 34074 tiny 2
34013 34181 small 2
34407 34525 tiny 2
34795 34879 tiny 2
35093 35271 tiny 2
35391 35499 tiny 2
35736 35876 small 2
36789 36877 tiny 2
37026 37237 tiny 2
38083 38220 medium 2
38122 38201 tiny 1
38274 38362 tiny 2
38471 38584 tiny 2
39158 39529 tiny 2
39753 39997 tiny 1
39769 39900 tiny 2
39806 40018 medium 2
39817 39890 small 1
40839 41015 tiny 2
41574 41741 tiny 2
41812 41949 tiny 2
42356 42476 tiny 2
43177 43308 tiny 2
43728 43887 small 0
43728 43836 medium 1
43766 43857 tiny 1
43792 43841 tiny 2
44813 44912 medium 2
44835 44985 tiny 2
44847 44954 tiny 1
45451 45554 tiny 2
45660 45808 tiny 1
46011 46128 small 1
46996 47241 tiny 2
47672 47873 tiny 2
48056 48167 medium 1
48089 48284 tiny 2
48093 48224 small 0
48720 48779 tiny 2
48815 48882 small 2
49057 49150 tiny 2
49872 50001 tiny 2
50370 50467 tiny 2
51089 51195 tiny 2
51570 51641 small 0
51580 51684 medium 1
51643 51831 tiny 2
51788 51935 small 1
52017 52121 tiny 2
52239 52372 tiny 2
52294 52368 small 0
52885 52969 medium 1
52899 53005 small 0
53979 54034 small 0
54916 55052 medium 1
54955 55051 small 0
56319 56482 tiny 2
56327 56511 medium 1
56380 56478 small 0
56384 56633 small 1
56989 57118 tiny 2
57214 57281 tiny 2
57298 57440 tiny 1
57316 57445 medium 2
57443 57544 tiny 2
57904 57998 tiny 2
58713 58911 medium 2
58745 58917 tiny 1
59253 59322 tiny 2
59956 60098 tiny 1
61419 61501 tiny 2
61855 61991 medium 0
61874 62021 tiny 1
61887 61967 medium 2
61901 62034 tiny 0
62075 62258 tiny 2
62827 62950 medium 1
62860 62922 small 0
63693 63833 tiny 1
64503 64606 tiny 1
64629 64780 tiny 2
64917 65006 tiny 2
65320 65464 tiny 2
66154 66292 tiny 1
66995 67275 tiny 2
67504 67612 medium 1
67527 67629 small 0
68029 68086 tiny 2
68326 68512 tiny 2
68577 68693 tiny 2
69113 69162 tiny 2
69946 70039 tiny 2
70180 70276 small 1
70189 70279 tiny 2
71109 71231 tiny 2
71369 71475 small 0
71851 71981 tiny 2
72517 72654 small 0
72657 72783 tiny 2
72675 72823 tiny 1
72931 72995 tiny 2
74713 74854 tiny 2
75322 75469 tiny 2
76013 76398 tiny 2
76997 77079 tiny 2
77371 77578 tiny 2
77396 77432 tiny 1
77725 77817 tiny 2
78052 78219 tiny 2
78175 78320 tiny 0
78207 78273 small 2
78592 78681 tiny 0
78651 78775 tiny 2
79473 79790 tiny 2
80108 80245 tiny 2
80471 80575 tiny 2
81645 81828 tiny 2
81770 81947 small 0
83497 83624 tiny 2
83759 83823 small 2
83948 84153 tiny 2
84836 84945 tiny 2
85020 85193 tiny 0
85426 85508 tiny 2
85761 85867 tiny 2
