#base_trace: websites02, config_file: configs/testing/day1/config100.xml, total_servers: 100, total_time: 86400, time_dist_mean: 2.430000, time_dist_stdev: 0.300000, node_dist_mean: 1.650000, node_dist_stdev: 1.220000
0 67 tiny 1
0 89 small 5
0 116 large 5
0 48 xlarge 0
0 32 xlarge 9
0 93 2xlarge 3
0 102 2xlarge 8
0 3457 4xlarge 2
0 48 6xlarge 2
0 38 6xlarge 5
32 190 small 3
39 319 3xlarge 7
40 1073 tiny 6
46 202 4xlarge 5
47 200 4xlarge 7
50 187 tiny 2
51 168 3xlarge 8
53 225 large 6
60 235 5xlarge 9
60 577 6xlarge 6
70 708 large 4
74 169 3xlarge 1
99 164 5xlarge 3
110 190 medium 1
118 234 2xlarge 9
120 228 2xlarge 2
155 591 2xlarge 0
161 444 2xlarge 3
161 322 4xlarge 6
187 343 tiny 0
199 329 4xlarge 1
216 290 medium 0
223 416 medium 5
274 449 xlarge 0
302 403 large 5
324 460 small 4
345 411 6xlarge 2
354 413 6xlarge 7
425 572 2xlarge 5
456 531 5xlarge 3
457 574 3xlarge 1
462 554 2xlarge 9
512 682 medium 5
518 703 large 5
520 659 medium 0
545 655 xlarge 0
550 636 4xlarge 6
552 696 medium 3
552 670 6xlarge 0
553 715 small 6
553 676 5xlarge 8
562 695 3xlarge 5
569 664 6xlarge 2
590 694 tiny 0
594 643 3xlarge 7
637 783 small 4
645 788 6xlarge 7
754 908 4xlarge 1
756 880 2xlarge 2
756 1018 6xlarge 6
778 921 small 5
787 915 5xlarge 3
806 1063 large 4
808 1078 large 5
808 1044 2xlarge 9
810 947 2xlarge 0
812 881 3xlarge 1
823 923 5xlarge 9
833 959 2xlarge 8
838 958 xlarge 9
873 1041 medium 5
892 1139 3xlarge 7
1155 1271 3xlarge 3
1156 1301 medium 7
1156 1301 2xlarge 3
1158 1274 6xlarge 2
1162 1873 tiny 6
1165 1234 tiny 7
1174 1242 6xlarge 5
1194 1296 tiny 1
1198 1291 large 5
1200 1265 xlarge 0
1251 1517 4xlarge 1
1265 1391 6xlarge 4
1274 1359 medium 5
1285 1359 5xlarge 2
1301 1403 medium 9
1302 1547 2xlarge 0
1305 1611 large 4
1358 1543 large 2
1359 1558 4xlarge 0
1367 1482 6xlarge 6
1370 1526 3xlarge 7
1376 1506 tiny 2
1377 1501 6xlarge 7
1379 1479 large 1
1385 1513 4xlarge 4
1392 1479 5xlarge 3
1402 1555 large 6
1418 1623 large 5
1425 1550 3xlarge 1
1429 1484 4xlarge 7
1433 1508 small 4
1435 1534 medium 6
1439 1521 medium 1
1507 1603 2xlarge 3
1509 1892 medium 5
1510 1670 6xlarge 2
1518 1660 xlarge 0
1520 1715 4xlarge 6
1605 1744 small 4
1610 1743 medium 9
1613 1742 small 6
1614 1786 medium 3
1628 1718 3xlarge 2
1630 1797 tiny 0
1636 1782 2xlarge 1
1637 1738 6xlarge 4
1648 1718 medium 0
1648 1758 5xlarge 8
1649 1761 2xlarge 2
1651 1739 5xlarge 9
1655 1784 3xlarge 5
1660 1799 tiny 3
1668 1798 2xlarge 9
1675 1734 5xlarge 2
1678 1778 6xlarge 0
1680 1793 6xlarge 7
1713 1848 6xlarge 2
1722 1833 xlarge 0
1727 1857 4xlarge 1
1732 1839 large 6
1743 1888 medium 1
1743 1910 4xlarge 7
1747 1837 small 5
1750 1895 2xlarge 0
1752 1888 2xlarge 3
1757 1900 large 5
1760 1831 tiny 2
1773 1911 3xlarge 7
1785 1842 xlarge 9
1955 2252 2xlarge 3
1958 2131 5xlarge 9
1984 2143 3xlarge 1
1987 2133 tiny 6
2001 2143 4xlarge 6
2012 2157 medium 5
2015 2131 2xlarge 2
2017 2159 2xlarge 5
2018 2082 2xlarge 9
2020 2076 6xlarge 6
2031 2114 large 5
2036 2110 5xlarge 3
2038 2100 large 4
2201 2517 large 4
2208 2396 large 7
2208 2337 4xlarge 1
2209 2352 medium 9
2218 2339 medium 4
2224 2393 5xlarge 0
2227 2355 6xlarge 6
2234 2347 3xlarge 1
2242 2327 3xlarge 4
2244 2317 2xlarge 4
2248 2312 2xlarge 9
2250 2361 6xlarge 1
2255 2500 tiny 6
2259 2319 2xlarge 2
2262 2359 2xlarge 6
2263 2369 xlarge 9
2263 2352 5xlarge 4
2265 2325 5xlarge 3
2272 2321 4xlarge 9
2273 2342 small 5
2279 2330 2xlarge 0
2279 2376 5xlarge 2
2279 2383 5xlarge 9
2323 2501 tiny 1
2330 2445 tiny 2
2333 2479 large 5
2333 2451 3xlarge 8
2342 2486 4xlarge 5
2345 2492 large 6
2358 2452 4xlarge 7
2360 2620 3xlarge 7
2361 2465 3xlarge 3
2364 2482 tiny 7
2375 2610 medium 5
2381 2514 xlarge 0
2382 2493 6xlarge 2
2392 2453 small 3
2393 2611 medium 1
2395 2496 6xlarge 5
2470 2627 4xlarge 6
2512 2603 6xlarge 7
2583 2696 2xlarge 9
2592 2978 large 4
2618 3788 tiny 6
2695 2861 3xlarge 8
2702 2798 large 6
2708 2957 3xlarge 7
2713 2821 small 3
2720 2806 4xlarge 5
2724 2873 tiny 2
2729 2806 2xlarge 3
2739 2932 medium 1
2747 2792 6xlarge 6
2749 2876 4xlarge 7
2794 2944 tiny 8
2813 2940 5xlarge 0
2821 2990 6xlarge 1
2823 2992 2xlarge 4
2823 2984 4xlarge 1
2832 2927 2xlarge 2
2846 2952 2xlarge 9
2853 2963 2xlarge 0
2863 2956 medium 4
2865 2921 5xlarge 5
2874 2916 xlarge 2
2874 2996 5xlarge 9
2876 2961 large 0
2878 2945 2xlarge 6
2913 3699 large 5
2952 3198 xlarge 9
2969 3156 small 5
3041 3187 2xlarge 8
3043 3158 medium 8
3044 3174 5xlarge 7
3057 3548 large 4
3085 3220 5xlarge 6
3100 3539 medium 5
3100 3202 4xlarge 6
3101 3187 3xlarge 9
3107 3193 3xlarge 1
3109 3165 5xlarge 3
3111 3197 4xlarge 8
3112 3292 6xlarge 6
3118 3157 2xlarge 3
3120 3219 small 0
3212 3462 6xlarge 2
3228 3404 xlarge 0
3276 3407 3xlarge 3
3276 3416 4xlarge 3
3287 3473 xlarge 6
3298 3408 medium 7
3314 3420 tiny 1
3318 3438 2xlarge 0
3327 3416 tiny 5
3332 3456 6xlarge 5
3339 3406 6xlarge 8
3340 3403 tiny 7
3394 3559 2xlarge 2
3420 3516 4xlarge 6
3452 3578 2xlarge 3
3454 3511 2xlarge 9
3517 4395 4xlarge 2
3539 3711 3xlarge 8
3565 3702 3xlarge 7
3570 3706 xlarge 0
3570 3695 6xlarge 2
3578 3691 tiny 2
3580 3675 large 6
3581 3701 4xlarge 5
3586 3684 4xlarge 7
3588 3675 small 5
3594 3637 small 3
3596 3682 xlarge 9
3599 3643 medium 1
3633 3799 5xlarge 3
3641 3778 large 4
3647 3766 2xlarge 9
3660 3831 small 4
3708 3829 3xlarge 1
3709 3760 6xlarge 7
3716 3803 6xlarge 6
3757 4006 4xlarge 1
3763 3887 small 5
3763 3885 xlarge 9
3773 3890 xlarge 0
3789 4132 2xlarge 0
3808 3890 large 5
3809 3950 6xlarge 2
3878 4073 4xlarge 6
3882 4071 large 7
3884 4630 tiny 6
3896 4000 large 4
3898 4043 tiny 0
3898 3995 4xlarge 9
3919 4014 small 4
3919 4063 6xlarge 7
3923 4022 2xlarge 2
3925 4400 medium 5
3930 4175 medium 1
3930 4021 5xlarge 4
3931 4004 medium 0
3934 4052 3xlarge 4
3941 4023 2xlarge 9
3954 4141 3xlarge 7
4004 4150 tiny 2
4007 4129 large 6
4051 4141 4xlarge 7
4065 4288 2xlarge 3
4185 4369 large 5
4232 4365 xlarge 1
4239 4550 6xlarge 6
4240 4417 3xlarge 6
4250 4361 large 8
4251 4387 small 8
4252 4361 3xlarge 7
4264 4601 large 4
4264 4480 5xlarge 3
4271 4423 xlarge 8
4273 4557 3xlarge 1
4284 4435 2xlarge 5
4308 4375 xlarge 4
4312 4417 4xlarge 6
4358 4532 3xlarge 4
4414 4499 2xlarge 0
4419 4559 4xlarge 1
4428 4535 5xlarge 4
4493 4644 medium 1
4493 4776 medium 5
4496 4962 4xlarge 2
4505 4660 large 6
4510 4658 tiny 2
4515 4739 6xlarge 7
4519 4674 4xlarge 7
4527 4633 medium 9
4530 5105 3xlarge 7
4537 4642 5xlarge 2
4545 4611 small 5
4547 4654 6xlarge 4
4549 4634 xlarge 9
4655 4765 2xlarge 0
4656 4770 xlarge 0
4673 4720 large 5
4677 4752 6xlarge 2
4786 4885 2xlarge 3
4839 4982 large 5
4853 4973 4xlarge 1
4858 5002 2xlarge 0
4874 5007 tiny 0
4881 4998 4xlarge 6
4892 4986 3xlarge 4
4899 5269 tiny 6
4906 4973 5xlarge 4
4913 5248 large 4
4915 4970 medium 0
4918 4989 medium 5
4958 5133 6xlarge 1
4966 5125 medium 4
4966 5264 xlarge 8
4967 5102 3xlarge 8
4970 5116 2xlarge 6
4980 5113 large 6
4982 5221 small 8
4985 5091 medium 1
4989 5158 2xlarge 4
4995 5207 xlarge 1
4995 5204 2xlarge 5
5000 5139 4xlarge 7
5000 5196 5xlarge 3
5001 5131 4xlarge 5
5004 5106 2xlarge 2
5013 5139 5xlarge 0
5013 5240 6xlarge 6
5018 5115 tiny 2
5024 5098 5xlarge 9
5027 5089 small 3
5031 5271 3xlarge 1
5038 5120 2xlarge 9
5039 5260 xlarge 4
5101 5635 4xlarge 2
5137 5735 2xlarge 3
5142 5219 large 5
5199 5575 medium 5
5212 5320 medium 1
5224 5495 medium 9
5228 5441 6xlarge 4
5229 5480 5xlarge 2
5257 5606 4xlarge 6
5261 5840 3xlarge 7
5312 5479 2xlarge 7
5316 5598 large 4
5322 5475 small 7
5327 5438 2xlarge 1
5327 5434 3xlarge 2
5336 5554 tiny 6
5352 5511 small 2
5353 5502 xlarge 7
5381 5470 medium 2
5392 5452 tiny 3
5397 5489 xlarge 5
5399 5471 3xlarge 0
5459 5605 2xlarge 9
5487 5567 2xlarge 0
5560 5677 medium 2
5563 5839 large 6
5569 5855 4xlarge 7
5570 5739 xlarge 5
5577 5845 large 5
5582 5693 6xlarge 5
5603 5868 tiny 2
5605 5676 6xlarge 9
5607 5860 medium 1
5618 5703 small 7
5621 5731 6xlarge 2
5626 5709 tiny 1
5639 5734 xlarge 0
5698 5878 tiny 6
5719 5804 large 4
5792 5912 2xlarge 0
5793 5913 large 7
5804 5958 3xlarge 4
5814 5983 xlarge 9
5826 5966 4xlarge 9
5841 5913 small 5
5844 5993 5xlarge 4
5859 5930 4xlarge 1
5860 5926 2xlarge 3
5873 6271 4xlarge 2
5913 6076 xlarge 0
5915 6087 large 5
5945 6077 6xlarge 2
5962 6436 large 4
5981 7153 tiny 6
6045 6178 3xlarge 7
6071 6210 5xlarge 3
6072 6432 2xlarge 9
6083 6172 3xlarge 1
6107 6208 6xlarge 6
6168 6301 6xlarge 2
6185 6350 3xlarge 3
6192 6306 xlarge 0
6204 6345 tiny 7
6204 6350 6xlarge 5
6205 6295 medium 7
6214 6285 tiny 1
6218 6286 medium 5
6219 6281 large 5
6221 6332 4xlarge 6
6228 6298 4xlarge 3
6236 6324 tiny 5
6275 6424 6xlarge 1
6278 6464 2xlarge 6
6279 6455 3xlarge 7
6282 6416 2xlarge 2
6283 6443 medium 4
6286 6442 3xlarge 4
6291 6466 xlarge 9
6297 6447 4xlarge 1
6303 6465 tiny 8
6309 6439 5xlarge 5
6311 6409 small 5
6313 6412 large 6
6314 6405 medium 1
6316 6391 large 9
6320 6584 2xlarge 3
6322 6402 2xlarge 8
6325 6468 6xlarge 3
6326 6425 large 0
6326 6394 5xlarge 9
6329 6401 4xlarge 7
6330 6454 2xlarge 0
6332 6429 5xlarge 4
6335 6475 tiny 2
6336 6432 xlarge 2
6336 6479 5xlarge 0
6360 6474 2xlarge 4
6401 6686 4xlarge 2
6512 6757 small 3
6523 6789 4xlarge 7
6536 7049 large 4
6537 6803 large 6
6540 6763 3xlarge 7
6554 6829 medium 1
6558 6797 tiny 2
6568 6641 2xlarge 9
6569 6674 4xlarge 6
6571 6833 3xlarge 8
6579 6689 medium 5
6646 7028 6xlarge 6
6648 6818 6xlarge 2
6671 6785 large 5
6694 6778 3xlarge 1
6696 6753 5xlarge 3
6706 6759 xlarge 0
6788 7672 4xlarge 2
6832 6945 6xlarge 7
6878 7027 3xlarge 7
6886 7055 4xlarge 1
6924 7042 2xlarge 0
7126 7302 6xlarge 7
7137 7249 small 7
7152 7258 2xlarge 3
7153 7316 4xlarge 6
7165 7285 xlarge 5
7176 7274 medium 5
7178 7407 2xlarge 0
7183 7253 medium 2
7238 7992 large 4
7262 7358 4xlarge 1
7268 7545 5xlarge 2
7274 7517 medium 9
7275 8386 tiny 6
7308 7366 large 5
7355 7598 medium 2
7357 7638 small 7
7357 7482 5xlarge 3
7359 7794 2xlarge 3
7361 7552 xlarge 7
7361 7472 2xlarge 7
7361 7543 6xlarge 4
7375 7508 small 2
7389 7492 small 9
7394 7500 3xlarge 0
7413 7538 3xlarge 7
7414 7515 6xlarge 6
7420 7482 tiny 3
7421 7501 xlarge 9
7422 7660 xlarge 5
7428 7481 3xlarge 2
7430 7550 2xlarge 1
7431 7492 small 5
7513 7975 medium 5
7552 7665 6xlarge 9
7619 7891 3xlarge 7
7715 7846 medium 1
7715 7843 5xlarge 8
7720 8191 4xlarge 2
7732 7833 medium 0
7732 8204 2xlarge 0
7743 7913 tiny 0
7754 7874 4xlarge 7
7758 7837 tiny 2
7759 7857 medium 3
7760 7878 small 6
7780 8019 4xlarge 6
7783 7837 large 6
7784 7907 6xlarge 0
7786 7849 4xlarge 1
7787 7840 3xlarge 5
7833 7968 2xlarge 3
7838 7956 5xlarge 3
7843 8031 3xlarge 1
7853 8009 6xlarge 6
7860 8005 small 7
7881 8220 small 4
7899 7952 xlarge 5
7913 8028 medium 2
7913 8191 6xlarge 7
7916 8245 2xlarge 9
7957 8137 2xlarge 2
7964 8121 5xlarge 9
8026 8103 4xlarge 1
8078 8223 large 5
8083 8219 6xlarge 4
8084 8243 5xlarge 2
8091 8278 xlarge 0
8096 8252 large 4
8099 8269 4xlarge 6
8102 8248 medium 9
8103 8259 6xlarge 6
8106 8276 3xlarge 2
8109 8264 2xlarge 1
8125 8224 3xlarge 0
8126 8196 tiny 3
8141 8233 medium 5
8145 8251 6xlarge 2
8147 8248 2xlarge 7
8155 8254 5xlarge 3
8320 8474 4xlarge 6
8330 8844 4xlarge 2
8341 8433 6xlarge 7
8379 8449 small 4
8383 8475 2xlarge 9
8388 8600 medium 5
8441 8609 tiny 6
8576 8862 small 4
8587 8672 medium 9
8596 8811 6xlarge 7
8618 8867 4xlarge 4
8620 8705 5xlarge 2
8623 8802 medium 6
8627 8850 large 2
8632 8804 4xlarge 0
8636 8854 large 1
8746 9077 3xlarge 7
8795 8941 medium 5
8813 8980 xlarge 5
8813 9153 2xlarge 0
8817 8956 2xlarge 3
8829 8981 medium 2
8839 8941 large 5
8844 8922 4xlarge 1
8850 8966 6xlarge 9
8853 8968 4xlarge 6
8865 8931 small 7
8875 9153 tiny 6
9033 9183 4xlarge 1
9035 9203 3xlarge 4
9044 9167 large 5
9048 9200 small 1
9056 9160 large 4
9062 9200 large 7
9066 9215 4xlarge 9
9072 9191 5xlarge 4
9076 9167 tiny 9
9097 9212 2xlarge 3
9159 9308 4xlarge 0
9174 9325 4xlarge 4
9183 9359 small 5
9190 9318 xlarge 9
9201 9296 small 4
9211 9278 large 2
9222 10028 4xlarge 2
9228 9550 2xlarge 9
9233 9346 6xlarge 7
9273 9429 2xlarge 0
9279 9471 tiny 6
9299 9479 4xlarge 1
9324 9883 large 5
9330 9408 2xlarge 3
9393 9553 2xlarge 4
9393 9570 5xlarge 9
9407 9517 large 0
9410 9541 xlarge 2
9417 9559 medium 4
9419 9567 5xlarge 5
9437 9511 5xlarge 0
9441 9574 2xlarge 2
9458 9518 6xlarge 1
9460 9528 2xlarge 6
9464 9548 tiny 8
9544 10029 tiny 6
9557 9631 2xlarge 0
9591 9673 4xlarge 1
9632 9821 large 2
9641 9793 2xlarge 9
9646 9755 small 4
9646 9814 medium 1
9648 9835 6xlarge 1
9652 9795 5xlarge 9
9655 9788 3xlarge 8
9658 9776 3xlarge 7
9665 9763 tiny 2
9668 9792 small 3
9675 9753 6xlarge 7
9687 9822 5xlarge 2
9689 9763 5xlarge 0
9690 9779 4xlarge 4
9693 9773 5xlarge 5
9694 9835 tiny 8
9698 9835 medium 4
9699 9797 4xlarge 0
9706 9763 2xlarge 4
9710 9764 2xlarge 2
9711 9772 large 6
9712 9756 2xlarge 6
9714 9778 4xlarge 7
9715 9784 xlarge 2
9777 9871 xlarge 0
9836 9929 6xlarge 2
9874 9991 5xlarge 2
9908 10010 medium 5
9920 9991 4xlarge 6
10000 10271 2xlarge 3
10050 10488 2xlarge 0
10056 10285 large 5
10114 10301 medium 2
10114 10302 6xlarge 5
10122 10264 xlarge 9
10125 10280 small 5
10127 10269 6xlarge 6
10131 10249 small 7
10137 10259 6xlarge 9
10144 10370 tiny 6
10144 10301 tiny 7
10147 10268 xlarge 0
10161 10306 xlarge 5
10171 10351 large 4
10189 10293 5xlarge 3
10190 10314 tiny 1
10193 10284 6xlarge 2
10200 10318 3xlarge 3
10240 11209 4xlarge 2
10248 10426 3xlarge 7
10355 10478 4xlarge 1
10400 10482 2xlarge 8
10408 10514 2xlarge 3
10410 10475 xlarge 9
10414 10546 small 5
10478 10644 3xlarge 7
10482 10674 tiny 6
10489 10660 large 4
10648 10885 2xlarge 3
10742 11153 2xlarge 0
10752 10975 tiny 6
10755 10892 small 5
10781 10839 medium 5
10781 10866 4xlarge 1
10782 10834 xlarge 9
10799 11009 large 4
10843 11348 3xlarge 7
10900 10984 5xlarge 2
10973 11080 5xlarge 4
10979 11156 3xlarge 4
11011 11124 4xlarge 1
11098 11193 large 4
11107 11205 tiny 6
11209 11453 medium 5
11211 11495 4xlarge 6
11222 11490 medium 0
11231 11331 small 5
11244 11518 6xlarge 0
11247 11502 3xlarge 5
11254 11515 medium 3
11255 11475 tiny 0
11261 11340 xlarge 9
11261 11489 5xlarge 8
11272 11485 small 6
11315 11466 xlarge 0
11316 11510 tiny 6
11319 11466 large 4
11336 11450 6xlarge 6
11361 11483 4xlarge 2
11364 11449 2xlarge 5
11371 11463 large 5
11382 11448 6xlarge 2
11388 11462 5xlarge 3
11399 11444 3xlarge 1
11562 12643 4xlarge 2
11566 11795 3xlarge 7
11582 11857 small 5
11595 11717 2xlarge 0
11602 11797 2xlarge 3
11624 11858 xlarge 9
11690 11827 6xlarge 7
11722 11841 xlarge 0
11723 11813 large 5
11734 11793 small 4
11803 11979 5xlarge 2
11807 11995 2xlarge 0
11820 11927 4xlarge 1
11830 11964 2xlarge 9
11842 11930 5xlarge 4
11856 11990 3xlarge 4
11925 12117 tiny 0
11928 12092 xlarge 0
11930 12113 3xlarge 1
11932 12077 xlarge 4
11941 12040 large 4
11941 12075 large 5
11953 12109 xlarge 1
11954 12046 2xlarge 5
11955 12048 6xlarge 6
11958 12094 medium 5
11962 12099 tiny 1
11964 12048 tiny 6
11972 12113 6xlarge 5
11987 12051 6xlarge 2
11989 12119 4xlarge 6
11995 12054 5xlarge 3
11997 12077 medium 0
12083 12235 5xlarge 9
12085 12224 2xlarge 9
12093 12176 2xlarge 2
12107 12207 2xlarge 0
12175 13031 large 4
12182 13000 tiny 6
12182 12335 xlarge 0
12184 12526 large 5
12201 12334 large 6
12202 12324 tiny 2
12204 12342 medium 1
12219 12310 4xlarge 7
12220 12644 3xlarge 7
12273 12440 5xlarge 0
12274 12418 medium 2
12281 12397 medium 9
12283 12410 5xlarge 2
12292 12391 2xlarge 4
12300 12477 xlarge 2
12302 12410 tiny 8
12305 12433 2xlarge 1
12305 12546 2xlarge 3
12306 12406 2xlarge 2
12319 12471 6xlarge 1
12327 12454 2xlarge 9
12330 12409 5xlarge 5
12339 12405 tiny 3
12341 12448 5xlarge 9
12344 12427 medium 4
12347 12448 3xlarge 2
12351 12394 small 7
12353 12443 2xlarge 6
12355 12433 xlarge 5
12358 12474 6xlarge 4
12423 12512 6xlarge 6
12438 12678 tiny 2
12443 12702 large 6
12447 12714 4xlarge 7
12467 12546 5xlarge 3
12472 12682 medium 1
12520 12650 4xlarge 5
12534 12682 3xlarge 8
12561 12831 2xlarge 0
12577 12691 small 3
12659 12906 xlarge 9
12662 12899 4xlarge 8
12681 12915 small 5
12685 12801 4xlarge 1
12689 12955 3xlarge 9
12695 12892 2xlarge 8
12696 12837 2xlarge 3
12698 12908 5xlarge 6
12700 12951 small 0
12717 12886 medium 8
12762 12894 medium 1
12769 12953 4xlarge 2
12772 12920 5xlarge 7
12779 13075 4xlarge 6
12803 13001 medium 5
12812 12934 tiny 0
12818 12893 4xlarge 7
12820 12942 tiny 2
12828 13311 large 5
12833 12949 medium 0
12834 13126 3xlarge 7
12873 13010 2xlarge 3
12891 13314 2xlarge 0
12942 13071 medium 2
12949 13038 xlarge 5
12960 13073 small 7
13002 13252 2xlarge 9
13031 13143 4xlarge 1
13041 13123 2xlarge 2
13163 13273 small 5
13169 13308 xlarge 9
13195 13296 4xlarge 2
13258 13392 3xlarge 7
13271 13398 2xlarge 3
13354 13544 medium 5
13356 13479 xlarge 9
13371 15452 4xlarge 2
13424 13505 4xlarge 6
13427 13557 small 5
13473 13636 6xlarge 6
13475 13765 2xlarge 2
13488 13761 2xlarge 9
13492 13597 medium 4
13496 13600 2xlarge 4
13499 13619 small 7
13507 13679 2xlarge 3
13511 13655 5xlarge 9
13513 13621 6xlarge 1
13516 13604 large 5
13518 13679 xlarge 5
13531 13605 2xlarge 6
13543 13654 5xlarge 0
13546 14584 tiny 6
13554 13596 medium 2
13559 14634 large 4
13657 13751 3xlarge 7
13715 13841 6xlarge 7
13726 13831 xlarge 9
13738 13842 small 4
13759 13872 small 5
13842 14004 2xlarge 3
13846 13974 tiny 0
13859 13992 small 7
13868 13967 xlarge 5
13875 13994 6xlarge 9
13890 13998 medium 2
13892 13957 medium 0
13908 14159 medium 5
13909 14134 4xlarge 6
13960 14158 2xlarge 0
13998 14239 large 5
14000 14113 4xlarge 1
14007 14276 xlarge 0
14026 14267 6xlarge 2
14104 14360 5xlarge 3
14117 14350 3xlarge 1
14118 14365 6xlarge 6
14198 14361 xlarge 8
14206 14379 large 8
14219 14329 2xlarge 3
14227 14374 small 8
14232 14335 2xlarge 5
14252 14333 xlarge 1
14272 14316 xlarge 4
14279 14316 3xlarge 6
14334 14613 medium 5
14359 14554 large 5
14370 14496 5xlarge 2
14453 14830 2xlarge 2
14520 14823 2xlarge 9
14562 14701 5xlarge 0
14571 14751 tiny 8
14571 14737 2xlarge 4
14592 14713 5xlarge 9
14599 14692 2xlarge 6
14620 14676 6xlarge 1
14621 14721 3xlarge 7
14633 14755 xlarge 2
14634 14692 medium 4
14637 14758 5xlarge 5
14797 14932 tiny 1
14805 15350 tiny 6
14808 15040 3xlarge 7
14808 14945 6xlarge 2
14816 14978 medium 5
14820 14972 3xlarge 3
14829 14976 large 5
14839 14949 6xlarge 6
14845 14995 5xlarge 3
14852 14979 tiny 7
14863 14934 medium 7
14868 15341 large 4
14870 14914 xlarge 0
14874 14958 6xlarge 5
14876 14941 tiny 5
14920 15040 4xlarge 7
14923 15066 4xlarge 0
14938 15157 2xlarge 3
14944 15056 small 4
14952 15049 4xlarge 4
14956 15100 2xlarge 9
14964 15059 large 2
14986 15060 6xlarge 7
14995 15059 tiny 2
14999 15034 medium 1
15048 15154 large 5
15074 15193 5xlarge 3
15108 15194 6xlarge 6
15111 15173 3xlarge 1
15202 15306 5xlarge 2
15285 15443 2xlarge 3
15315 15553 2xlarge 9
15353 15392 large 5
15399 15512 6xlarge 1
15400 15593 2xlarge 6
15411 15576 5xlarge 0
15415 15579 5xlarge 9
15419 15551 medium 4
15424 15691 tiny 6
15433 15666 large 4
15463 15578 2xlarge 4
15475 15574 2xlarge 2
15514 15662 3xlarge 2
15528 15661 medium 9
15542 15710 2xlarge 3
15549 15713 5xlarge 2
15550 15698 xlarge 5
15556 15654 2xlarge 1
15561 15682 6xlarge 4
15568 15664 small 7
15569 15683 6xlarge 9
15593 15716 tiny 3
15600 15658 medium 2
15640 16279 2xlarge 9
15643 16030 2xlarge 2
15673 15992 3xlarge 7
15675 16496 4xlarge 2
15710 16181 medium 5
15716 15795 medium 1
15785 15924 tiny 6
15787 15889 large 5
15790 15904 5xlarge 4
15796 15881 5xlarge 2
15801 15935 3xlarge 4
15802 15947 6xlarge 2
15818 15934 4xlarge 1
15824 15948 xlarge 0
15831 16007 4xlarge 6
15836 15941 large 4
15836 15915 2xlarge 0
15874 16052 medium 1
15875 15991 2xlarge 3
15888 15997 5xlarge 9
15888 16077 6xlarge 1
15893 16061 2xlarge 4
15895 16057 tiny 8
15895 16044 5xlarge 0
15914 16025 2xlarge 6
15919 16023 xlarge 2
15944 16070 tiny 2
15949 16037 medium 4
15953 16011 5xlarge 5
16010 16119 4xlarge 1
16031 16159 2xlarge 0
16051 16178 5xlarge 4
16065 16114 3xlarge 4
16136 16552 3xlarge 7
16169 16292 medium 1
16232 16505 4xlarge 6
16247 16502 medium 5
16274 16388 small 5
16292 16377 xlarge 9
16307 16962 2xlarge 3
16357 16486 5xlarge 5
16359 16555 2xlarge 0
16362 16524 5xlarge 9
16365 16514 6xlarge 1
16378 16481 tiny 8
16388 16550 2xlarge 6
16400 16542 4xlarge 1
16402 16500 2xlarge 2
16418 16530 5xlarge 0
16426 16519 2xlarge 9
16434 16539 2xlarge 4
16436 16549 medium 4
16477 16670 xlarge 5
16489 16611 6xlarge 2
16495 16616 xlarge 0
16504 16617 large 5
16519 16611 tiny 6
16530 16603 medium 2
16531 16610 large 4
16542 16647 small 7
16609 16753 5xlarge 2
16717 16843 4xlarge 1
16735 16851 tiny 6
16752 16897 large 4
16783 16864 5xlarge 4
16794 16832 3xlarge 4
16795 16859 2xlarge 0
16795 16898 4xlarge 2
16833 16993 2xlarge 9
16857 17008 medium 5
16903 17021 4xlarge 6
16955 17145 tiny 1
16978 17332 xlarge 0
16982 17243 6xlarge 2
16986 17107 medium 7
16986 17396 large 5
17005 17141 tiny 7
17015 17139 6xlarge 5
17018 17144 tiny 5
17027 17071 3xlarge 3
17078 17231 4xlarge 6
17087 17673 4xlarge 2
17108 17196 small 5
17128 17264 medium 5
17193 17320 tiny 6
17201 17327 2xlarge 0
17202 17355 5xlarge 3
17205 17464 4xlarge 7
17206 17369 4xlarge 1
17210 17472 4xlarge 5
17228 17510 medium 1
17235 17466 tiny 2
17238 17511 3xlarge 8
17239 17581 3xlarge 7
17240 17510 large 6
17249 17515 small 3
17253 17376 large 4
17260 17372 6xlarge 6
17273 17340 3xlarge 1
17390 17453 medium 5
17432 17579 xlarge 0
17448 17757 large 4
17448 17621 6xlarge 5
17464 17614 tiny 1
17471 17748 large 5
17509 17577 6xlarge 2
17510 17683 tiny 6
17571 17714 2xlarge 3
17685 17875 5xlarge 9
17696 17874 4xlarge 1
17702 17802 2xlarge 0
17726 17994 5xlarge 2
17728 17844 2xlarge 2
17731 17855 2xlarge 9
17795 17912 tiny 3
17810 17945 3xlarge 2
17813 17947 2xlarge 7
17817 17959 4xlarge 6
17818 18293 tiny 6
17820 17940 medium 9
17825 18085 2xlarge 3
17826 17971 medium 5
17828 17957 xlarge 7
17833 17985 4xlarge 2
17845 18347 large 4
17861 17968 3xlarge 0
17864 17961 6xlarge 4
17874 17911 2xlarge 1
17914 18082 4xlarge 1
17923 18072 6xlarge 6
17944 18107 2xlarge 0
17945 18097 3xlarge 1
17946 18088 3xlarge 6
17965 18106 2xlarge 5
17965 18064 3xlarge 7
17967 18102 xlarge 1
17974 18104 small 8
17980 18052 5xlarge 3
17983 18048 xlarge 4
17998 18078 xlarge 8
17999 18100 large 8
18035 18322 4xlarge 2
18060 18588 large 5
18077 18530 xlarge 0
18157 18307 6xlarge 2
18174 18358 6xlarge 6
18204 18342 medium 5
18205 18277 5xlarge 3
18207 18471 3xlarge 7
18239 18315 3xlarge 1
18277 18476 5xlarge 5
18280 18531 2xlarge 9
18280 18467 5xlarge 0
18280 18443 6xlarge 1
18283 18412 medium 4
18283 18429 2xlarge 6
18297 18403 5xlarge 9
18327 18415 2xlarge 4
18328 18409 2xlarge 2
18349 18434 tiny 8
18430 18517 tiny 1
18433 18791 4xlarge 2
18434 18574 6xlarge 5
18457 18550 6xlarge 2
18667 18836 small 5
18669 18942 4xlarge 6
18675 18827 tiny 0
18688 18809 small 6
18690 18766 medium 0
18698 18821 5xlarge 8
18708 18813 2xlarge 3
18710 18873 2xlarge 0
18711 18882 medium 5
18713 18777 xlarge 9
18715 18931 4xlarge 1
18756 18919 medium 1
18788 19183 3xlarge 7
18803 18959 tiny 2
18893 19019 4xlarge 2
18992 19147 6xlarge 3
18993 19167 large 0
18997 19118 large 9
19008 19163 medium 4
19012 19294 2xlarge 9
19013 19311 large 5
19016 19115 6xlarge 1
19028 19155 2xlarge 4
19030 19189 5xlarge 5
19042 19140 tiny 8
19044 19173 2xlarge 6
19047 19142 5xlarge 0
19055 19251 2xlarge 2
19060 19317 5xlarge 9
19065 19135 xlarge 2
19154 19240 xlarge 0
19169 19306 medium 5
19251 19391 4xlarge 2
19276 19994 3xlarge 7
19363 19500 large 5
19384 19523 2xlarge 2
19411 19478 2xlarge 9
19428 19523 5xlarge 9
19554 19711 4xlarge 2
19596 19743 6xlarge 9
19601 19736 medium 2
19605 19761 small 7
19653 19798 2xlarge 3
19679 19729 xlarge 5
19718 19994 4xlarge 6
19746 20033 medium 5
19841 19965 2xlarge 3
19861 19989 tiny 0
19910 19963 medium 0
19957 20278 4xlarge 1
19976 20125 3xlarge 4
20008 20380 4xlarge 2
20019 20120 5xlarge 4
20024 20278 2xlarge 0
20074 20276 6xlarge 9
20100 20637 medium 5
20101 20256 xlarge 5
20108 20212 large 5
20111 20446 4xlarge 6
20142 20225 medium 2
20156 20248 small 7
20157 20268 2xlarge 3
20202 20348 tiny 6
20207 20367 3xlarge 7
20208 20320 2xlarge 9
20238 20326 2xlarge 2
20257 20360 large 4
20435 20579 medium 8
20440 20626 small 5
20451 20635 4xlarge 2
20451 20557 4xlarge 8
20457 20577 3xlarge 9
20461 20563 2xlarge 8
20480 20566 xlarge 9
20498 20567 5xlarge 6
20502 20616 small 0
20561 20708 6xlarge 6
20579 20689 3xlarge 1
20579 20742 5xlarge 3
20587 20735 large 4
20611 20940 3xlarge 7
20635 20721 tiny 6
20706 20827 2xlarge 3
20810 20973 large 4
20853 20941 tiny 6
20853 20981 2xlarge 9
20944 21038 4xlarge 2
21036 21181 medium 5
21046 21198 2xlarge 3
21166 21343 6xlarge 6
21195 21315 tiny 6
21196 21275 large 4
21197 21273 large 5
21218 21273 5xlarge 3
21275 21433 5xlarge 9
21277 21437 5xlarge 6
21279 21419 4xlarge 2
21281 21417 xlarge 5
21282 21458 xlarge 9
21286 21416 2xlarge 3
21286 21454 5xlarge 0
21287 21420 4xlarge 8
21287 21396 6xlarge 1
21289 21434 medium 4
21290 21466 medium 8
21301 21398 2xlarge 2
21324 21454 2xlarge 6
21328 21420 medium 2
21328 21409 3xlarge 9
21330 21397 small 7
21331 21395 small 0
21339 21460 2xlarge 8
21354 21478 small 5
21354 21397 2xlarge 9
21468 21585 large 4
21480 21585 tiny 6
21513 21873 4xlarge 2
21524 21704 large 7
21524 21770 2xlarge 3
21528 21702 5xlarge 4
21544 21661 4xlarge 9
21551 21669 3xlarge 7
21558 21684 4xlarge 1
21573 21673 3xlarge 4
21575 21658 2xlarge 0
21589 21656 medium 1
21593 21676 tiny 9
21644 21756 xlarge 5
21655 21942 2xlarge 9
21672 22261 tiny 6
21684 21816 medium 2
21712 21764 small 7
21713 22309 large 4
21752 21945 6xlarge 1
21753 21921 5xlarge 5
21770 21885 tiny 8
21785 21886 5xlarge 9
21786 21915 medium 4
21793 21923 6xlarge 7
21797 22167 2xlarge 0
21801 21905 2xlarge 4
21802 21905 2xlarge 6
21809 21922 small 4
21831 21957 2xlarge 2
21838 21896 5xlarge 0
21883 22128 4xlarge 1
21885 21992 large 5
21899 22031 xlarge 0
21932 22005 6xlarge 6
21996 22372 4xlarge 2
22009 22122 3xlarge 0
22013 22362 3xlarge 7
22014 22137 2xlarge 7
22041 22170 medium 5
22049 22169 3xlarge 2
22058 22112 tiny 3
22064 22113 5xlarge 2
22074 22168 medium 9
22078 22153 2xlarge 1
22079 22123 4xlarge 6
22079 22147 6xlarge 4
22118 22376 4xlarge 5
22120 22262 xlarge 0
22121 22352 4xlarge 7
22128 22248 small 7
22128 22254 6xlarge 5
22132 22301 6xlarge 6
22133 22270 2xlarge 3
22137 22303 tiny 7
22147 22373 medium 1
22148 22244 medium 2
22150 22276 3xlarge 3
22157 22398 large 6
22158 22289 tiny 5
22165 22251 6xlarge 9
22166 22273 tiny 1
22184 22417 small 3
22184 22426 3xlarge 8
22185 22297 xlarge 5
22186 22393 tiny 2
22193 22312 medium 7
22194 22269 large 5
22195 22313 6xlarge 2
22234 22409 xlarge 9
22237 22390 2xlarge 9
22240 22354 small 5
22240 22521 medium 5
22304 22375 4xlarge 6
22320 22381 2xlarge 2
22370 22511 4xlarge 1
22374 22481 2xlarge 0
22374 22491 5xlarge 2
22413 22546 6xlarge 4
22420 22559 3xlarge 2
22421 22477 3xlarge 4
22423 22531 medium 9
22423 22499 2xlarge 1
22427 22528 tiny 3
22475 22626 5xlarge 9
22495 22625 2xlarge 2
22505 22596 2xlarge 9
22596 23151 large 4
22675 23096 tiny 6
22720 22842 medium 9
22722 23104 medium 5
22722 22888 xlarge 7
22738 23324 2xlarge 3
22742 22832 3xlarge 0
22744 22913 tiny 3
22753 23457 4xlarge 2
22756 22849 3xlarge 2
22764 22831 6xlarge 4
22766 22998 3xlarge 7
22767 22843 5xlarge 2
22772 22986 6xlarge 6
22777 22881 2xlarge 7
22784 22909 2xlarge 9
22797 22843 2xlarge 1
22839 23035 4xlarge 7
22841 22965 tiny 1
22844 23003 6xlarge 5
22849 22953 tiny 2
22853 22979 small 3
22856 23001 2xlarge 0
22860 22992 large 5
22864 22973 small 7
22864 22999 3xlarge 8
22865 23001 4xlarge 1
22870 23022 4xlarge 3
22873 22995 xlarge 0
22880 22961 6xlarge 2
22883 23002 tiny 7
22892 22983 xlarge 5
22892 23016 3xlarge 3
22898 22968 medium 2
22898 23008 large 6
22905 23029 medium 1
22906 23000 5xlarge 3
22910 22959 medium 7
22913 22965 3xlarge 1
22917 23016 tiny 5
22963 23095 tiny 0
22964 23073 medium 0
22965 23074 4xlarge 6
23027 23138 5xlarge 8
23074 23279 3xlarge 2
23085 23233 medium 9
23093 23259 6xlarge 4
23111 23228 2xlarge 1
23114 23355 large 5
23119 23356 xlarge 0
23125 23200 3xlarge 7
23133 23344 6xlarge 2
23144 23226 5xlarge 2
23153 23266 6xlarge 5
23157 23235 tiny 1
23314 23453 2xlarge 0
23314 23482 4xlarge 1
23375 24586 tiny 6
23384 24570 large 4
23433 23598 6xlarge 8
23436 23709 tiny 7
23446 23562 3xlarge 3
23447 23617 tiny 5
23459 23696 6xlarge 5
23461 23551 medium 5
23465 23573 xlarge 6
23490 23920 xlarge 0
23496 23680 tiny 1
23496 23573 medium 7
23503 23728 6xlarge 2
23517 23969 large 5
23517 23625 4xlarge 3
23576 24645 4xlarge 2
23605 23795 2xlarge 9
23638 23876 6xlarge 6
23672 23859 4xlarge 6
23673 23856 3xlarge 9
23686 23818 medium 1
23686 23814 medium 5
23695 23817 2xlarge 6
23697 23843 xlarge 2
23704 23855 large 9
23705 23849 tiny 0
23706 23837 tiny 8
23707 23877 5xlarge 0
23709 23820 5xlarge 5
23717 23812 5xlarge 6
23718 23842 2xlarge 2
23721 23875 medium 4
23723 23844 medium 8
23724 23799 large 0
23724 23818 2xlarge 8
23727 23870 2xlarge 4
23727 23799 6xlarge 1
23738 23922 3xlarge 7
23747 23793 5xlarge 9
23748 23831 xlarge 9
23750 23868 4xlarge 8
23753 23843 small 0
23759 23791 small 5
23914 24208 2xlarge 3
23922 24169 medium 5
23935 24042 2xlarge 0
23981 24059 4xlarge 6
23995 24060 4xlarge 1
24043 24239 3xlarge 8
24052 24234 tiny 2
24052 24226 large 6
24065 24196 4xlarge 7
24070 24233 3xlarge 7
24077 24169 medium 1
24079 24237 small 3
24081 24196 4xlarge 5
24157 24430 4xlarge 1
24161 24452 2xlarge 9
24168 24358 xlarge 9
24176 24299 2xlarge 2
24205 24310 small 5
24239 24410 2xlarge 0
24343 24397 2xlarge 3
24360 24591 3xlarge 7
24456 24662 4xlarge 6
24473 24676 medium 5
24565 24693 2xlarge 9
24648 24825 tiny 6
24668 24809 2xlarge 3
24693 24754 large 4
24756 24873 4xlarge 1
24773 25029 medium 1
24800 25189 large 5
24808 24909 2xlarge 0
24814 24992 3xlarge 7
24875 25071 4xlarge 7
24878 25146 large 4
24919 25041 tiny 2
24919 25138 tiny 6
24937 25079 large 6
24944 25031 4xlarge 2
24946 25065 xlarge 0
24957 25407 2xlarge 3
24992 25181 5xlarge 4
24994 25399 medium 5
25013 25169 medium 2
25013 25142 3xlarge 4
25033 25142 4xlarge 6
25035 25150 small 7
25038 25174 2xlarge 0
25039 25150 xlarge 5
25040 25142 4xlarge 1
25047 25152 6xlarge 6
25063 25199 4xlarge 9
25064 25163 large 7
25074 25197 tiny 9
25079 25193 small 1
25117 25239 3xlarge 9
25129 25375 4xlarge 2
25134 25275 medium 8
25140 25284 small 0
25163 25371 3xlarge 7
25164 25306 xlarge 9
25166 25239 small 5
25168 25295 2xlarge 8
25175 25311 4xlarge 8
25271 25423 tiny 6
25306 25417 large 4
25353 25506 3xlarge 2
25386 25609 2xlarge 0
25399 25488 5xlarge 2
25412 25506 2xlarge 1
25417 25554 medium 9
25425 25623 4xlarge 1
25436 25523 6xlarge 4
25474 25602 xlarge 9
25483 25663 small 5
25498 25799 4xlarge 2
25516 25602 5xlarge 7
25517 25666 3xlarge 9
25518 25603 medium 8
25520 25632 tiny 6
25521 25654 small 0
25521 25591 2xlarge 8
25527 25632 tiny 4
25527 25617 large 4
25532 25675 large 5
25539 25846 medium 5
25546 25644 4xlarge 8
25548 25666 5xlarge 6
25598 25772 medium 9
25598 25863 4xlarge 6
25599 25720 2xlarge 1
25603 25772 tiny 3
25611 25744 small 2
25615 25722 2xlarge 7
25624 25793 3xlarge 7
25626 25773 6xlarge 4
25645 25756 xlarge 7
25666 25793 3xlarge 0
25673 25746 small 9
25673 25763 medium 1
25677 25771 3xlarge 2
25677 25739 5xlarge 2
25712 25892 3xlarge 4
25717 25886 tiny 5
25717 25908 tiny 7
25728 25842 4xlarge 9
25733 25984 2xlarge 9
25747 25844 xlarge 6
25756 25867 medium 7
25756 26017 4xlarge 1
25760 25847 xlarge 0
25762 25903 5xlarge 4
25763 25883 3xlarge 3
25770 25875 large 7
25770 25869 4xlarge 3
25773 25832 6xlarge 5
25781 25873 6xlarge 2
25782 25994 2xlarge 0
25786 26261 large 5
25791 25959 2xlarge 3
25793 25889 tiny 1
25793 25835 6xlarge 8
25864 26038 3xlarge 7
25908 26139 4xlarge 2
25956 26939 tiny 6
25973 26916 large 4
26072 26242 6xlarge 2
26083 26205 tiny 7
26092 26200 medium 5
26108 26247 6xlarge 5
26122 26206 xlarge 0
26147 26262 tiny 1
26199 26331 small 5
26204 26356 4xlarge 8
26212 26362 medium 1
26232 26507 4xlarge 2
26249 26361 xlarge 9
26266 26380 3xlarge 7
26280 26319 2xlarge 8
26312 26518 large 5
26312 27098 2xlarge 3
26329 26437 tiny 1
26350 26506 6xlarge 2
26357 26506 6xlarge 5
26376 26509 medium 5
26379 26476 tiny 7
26392 26448 xlarge 0
26446 26976 6xlarge 6
26458 26597 6xlarge 4
26459 26553 medium 9
26465 26603 6xlarge 9
26466 26597 xlarge 5
26493 26717 3xlarge 1
26505 26587 medium 2
26509 26557 small 7
26513 26563 3xlarge 2
26513 26729 5xlarge 3
26517 26593 5xlarge 2
26557 26740 small 6
26568 26850 2xlarge 9
26573 26682 medium 5
26590 26729 tiny 0
26596 26704 6xlarge 0
26599 26678 4xlarge 6
26617 26740 3xlarge 5
26625 26714 medium 0
26627 27068 4xlarge 2
26632 26694 5xlarge 8
26673 26837 4xlarge 1
26707 26803 2xlarge 0
26796 26992 3xlarge 1
26797 26999 2xlarge 1
26800 26961 tiny 3
26806 26971 medium 9
26806 26961 6xlarge 4
26815 26921 3xlarge 0
26816 26946 xlarge 7
26847 26987 5xlarge 3
26851 26948 3xlarge 2
26854 26985 5xlarge 2
26863 26962 2xlarge 7
26923 27084 6xlarge 5
26957 27071 large 5
26961 27159 3xlarge 7
26961 27055 6xlarge 2
26983 27034 tiny 7
26991 27034 tiny 1
26998 27072 xlarge 0
27082 27234 tiny 6
27101 27189 large 4
27161 27318 small 2
27172 27312 3xlarge 0
27174 27295 medium 9
27174 27345 5xlarge 2
27175 27277 2xlarge 1
27188 27272 small 9
27224 27345 3xlarge 2
27225 27339 6xlarge 4
27226 27281 tiny 3
27236 27288 2xlarge 7
27238 27272 xlarge 7
27273 27695 3xlarge 7
27291 27432 xlarge 9
27293 27406 6xlarge 6
27312 27708 tiny 6
27321 27448 small 5
27336 27425 medium 5
27342 27643 large 4
27343 27693 2xlarge 3
27401 27514 2xlarge 9
27419 27939 4xlarge 2
27425 27699 2xlarge 0
27453 27702 4xlarge 1
27465 27599 xlarge 0
27468 27585 large 5
27514 27656 large 2
27517 27822 medium 5
27519 27666 4xlarge 4
27529 27656 small 3
27531 27659 3xlarge 8
27534 27641 6xlarge 7
27542 27712 large 6
27551 27661 4xlarge 7
27555 27652 small 4
27562 27652 tiny 2
27591 27680 4xlarge 0
27594 27662 medium 1
27711 27901 2xlarge 9
27754 27951 large 8
27759 28067 large 5
27762 27945 xlarge 8
27763 27872 xlarge 1
27763 27893 5xlarge 3
27769 27905 small 8
27774 28059 6xlarge 6
27778 28157 large 4
27779 27873 2xlarge 5
27794 28532 3xlarge 7
27796 27933 3xlarge 1
27810 27894 xlarge 4
27817 27931 3xlarge 6
27818 28049 2xlarge 3
27819 27882 xlarge 0
27835 28162 tiny 6
27910 28026 4xlarge 7
27917 27999 tiny 2
27937 27992 3xlarge 8
27947 28072 medium 1
27951 28024 small 3
27957 28055 large 6
28030 28773 4xlarge 2
28121 28279 small 4
28144 28240 medium 5
28156 28286 4xlarge 4
28157 28261 4xlarge 6
28167 28316 large 2
28178 28249 large 5
28178 28352 2xlarge 0
28178 28319 4xlarge 0
28188 28385 4xlarge 1
28195 28309 6xlarge 7
28200 28277 xlarge 0
28359 28518 xlarge 9
28383 28490 2xlarge 8
28417 28550 small 5
28489 28672 large 5
28490 28614 xlarge 0
28530 28629 5xlarge 9
28539 28881 2xlarge 9
28556 28637 2xlarge 2
28601 28758 xlarge 1
28605 28771 medium 5
28607 28745 xlarge 4
28615 28729 2xlarge 5
28617 28789 tiny 6
28617 28799 6xlarge 4
28628 28754 medium 9
28637 28799 3xlarge 2
28642 28785 3xlarge 1
28642 28799 5xlarge 3
28653 28773 large 4
28662 28781 6xlarge 6
28664 28770 5xlarge 2
28712 28851 5xlarge 4
28730 28894 large 5
28744 28836 4xlarge 9
28754 28913 4xlarge 1
28760 28881 2xlarge 0
28768 28909 large 7
28779 28887 2xlarge 2
28783 28838 3xlarge 4
28799 28848 5xlarge 9
28904 29033 3xlarge 7
28952 29249 large 4
28962 29551 4xlarge 1
28965 29148 5xlarge 4
28986 29113 3xlarge 4
29019 29552 2xlarge 0
29032 29278 tiny 6
29119 29213 medium 5
29121 29249 4xlarge 2
29149 29243 4xlarge 6
29213 29358 3xlarge 4
29233 29383 large 7
29255 29377 5xlarge 4
29258 29372 xlarge 0
29266 29366 4xlarge 9
29269 29351 2xlarge 3
29275 29343 large 5
29323 29503 3xlarge 7
29326 29476 large 4
29347 29611 4xlarge 2
29399 29466 tiny 6
29556 29715 3xlarge 7
29558 29678 4xlarge 7
29565 29720 medium 1
29592 29674 large 6
29595 29846 large 5
29598 29741 tiny 2
29600 29714 small 3
29601 29738 medium 9
29602 29705 5xlarge 2
29630 29683 6xlarge 4
29716 29834 4xlarge 2
29719 29791 2xlarge 3
29794 29918 4xlarge 5
29813 30089 medium 5
29817 29933 4xlarge 1
29823 30067 3xlarge 7
29827 29960 small 3
29828 29994 medium 1
29831 29952 3xlarge 8
29838 29929 4xlarge 7
29847 29913 2xlarge 0
29874 29991 tiny 2
29877 29941 large 6
29917 30105 tiny 0
29944 30103 xlarge 0
29961 30112 4xlarge 6
29967 30071 2xlarge 3
29983 30081 large 5
30000 30054 4xlarge 2
30075 30237 tiny 6
30085 30174 5xlarge 3
30095 30152 large 4
30116 30153 3xlarge 1
30117 30187 6xlarge 6
30185 30300 medium 5
30198 30342 4xlarge 2
30231 30336 4xlarge 6
30285 30432 xlarge 0
30313 30457 6xlarge 2
30330 30589 2xlarge 0
30347 30514 large 5
30356 30555 4xlarge 1
30440 30580 2xlarge 3
30548 30657 medium 5
30753 30889 5xlarge 3
30764 30945 3xlarge 1
30772 30955 tiny 6
30777 30936 6xlarge 6
30780 30951 4xlarge 0
30783 30904 large 4
30797 30937 4xlarge 2
30806 30873 small 4
30806 30885 large 2
30832 30897 4xlarge 4
30839 30891 6xlarge 7
30878 31183 large 5
31007 31144 xlarge 0
31121 31279 4xlarge 2
31125 31412 2xlarge 0
31128 31315 2xlarge 9
31140 31553 tiny 6
31175 31380 4xlarge 1
31192 31485 large 4
31357 31537 5xlarge 2
31363 31501 small 5
31363 31556 medium 9
31383 31559 medium 8
31386 31472 2xlarge 8
31402 31523 4xlarge 8
31413 31533 3xlarge 9
31423 31539 6xlarge 4
31428 31513 xlarge 9
31482 31639 medium 0
31484 31624 6xlarge 0
31496 31614 small 6
31496 31676 5xlarge 8
31513 31653 tiny 0
31516 31652 2xlarge 3
31524 31638 medium 5
31536 31654 4xlarge 6
31540 31664 3xlarge 5
31630 31767 2xlarge 9
31645 31719 3xlarge 7
31673 31912 4xlarge 2
31737 31873 large 4
31800 31901 tiny 6
31860 31979 5xlarge 2
31872 31984 large 5
31879 32039 medium 9
31952 32115 2xlarge 3
31961 32108 6xlarge 6
31970 32118 xlarge 8
31972 32272 4xlarge 6
31990 32131 2xlarge 5
31992 32147 medium 2
31994 32111 xlarge 4
31997 32214 medium 5
31999 32273 tiny 6
32002 32111 xlarge 1
32011 32083 5xlarge 3
32012 32146 small 7
32013 32095 small 8
32026 32256 large 4
32034 32082 3xlarge 1
32039 32155 xlarge 5
32081 32255 6xlarge 5
32093 32207 3xlarge 3
32112 32269 large 5
32117 32244 tiny 1
32131 32261 6xlarge 2
32135 32232 xlarge 0
32138 32508 4xlarge 2
32140 32226 tiny 7
32141 32375 medium 9
32149 32335 5xlarge 2
32158 32196 medium 7
32210 32332 medium 2
32215 32378 4xlarge 7
32217 32339 small 7
32225 32392 xlarge 5
32230 32354 6xlarge 9
32240 32381 3xlarge 7
32244 32327 large 6
32271 32436 2xlarge 3
32275 32332 tiny 2
32280 32383 medium 1
32340 32937 large 5
32454 32562 6xlarge 5
32464 32725 6xlarge 2
32478 32610 large 4
32487 32623 tiny 6
32511 32704 xlarge 0
32517 32564 tiny 1
32558 32835 4xlarge 1
32569 32862 4xlarge 2
32570 32807 2xlarge 0
32596 32681 2xlarge 9
32610 32753 2xlarge 3
32675 33057 medium 5
32683 33783 large 4
32693 33824 tiny 6
32751 33116 4xlarge 6
32833 33072 2xlarge 3
32929 33041 6xlarge 6
32938 33041 6xlarge 0
32939 33089 tiny 0
32952 33073 6xlarge 7
32955 33082 3xlarge 5
32958 33033 5xlarge 3
32962 33064 small 6
32973 33193 2xlarge 0
32975 33084 medium 0
32976 33098 small 4
32977 33110 3xlarge 1
32979 33095 5xlarge 8
32989 33103 4xlarge 2
33054 33192 tiny 2
33066 33165 medium 1
33072 33235 4xlarge 7
33083 33207 large 6
33092 33300 large 5
33101 33198 3xlarge 7
33113 33219 4xlarge 1
33166 33330 xlarge 9
33202 33355 2xlarge 8
33202 33277 4xlarge 2
33218 33349 2xlarge 3
33224 33440 medium 5
33229 33308 small 5
33280 33391 5xlarge 3
33286 33396 6xlarge 6
33296 33438 xlarge 4
33309 33465 xlarge 1
33344 33413 3xlarge 1
33353 33444 2xlarge 5
33397 33931 2xlarge 0
33399 33556 small 1
33410 33512 4xlarge 9
33426 33582 tiny 9
33451 33646 4xlarge 2
33460 33525 3xlarge 4
33463 33588 large 7
33466 33695 4xlarge 1
33469 33538 5xlarge 4
33522 34152 2xlarge 3
33528 33772 xlarge 5
33535 33837 5xlarge 3
33538 33757 6xlarge 6
33541 33792 3xlarge 1
33542 33707 medium 9
33551 33674 3xlarge 7
33552 33670 medium 1
33553 33700 6xlarge 4
33561 33651 5xlarge 2
33561 33714 6xlarge 9
33562 33699 2xlarge 1
33590 33753 small 7
33590 33641 3xlarge 2
33594 33709 tiny 3
33594 33751 medium 2
33694 33938 2xlarge 9
33753 33935 medium 4
33774 33936 4xlarge 2
33781 33872 5xlarge 5
33792 33936 2xlarge 4
33795 33911 6xlarge 1
33799 33912 2xlarge 6
33801 33873 3xlarge 7
33807 33879 5xlarge 0
33825 33886 5xlarge 9
33840 33928 2xlarge 2
33873 34053 6xlarge 2
33877 34054 4xlarge 6
33886 34276 large 4
33895 33991 3xlarge 1
33897 34008 large 5
33913 34061 medium 5
33916 33994 5xlarge 3
33922 34056 xlarge 0
33928 34279 tiny 6
33928 34077 6xlarge 6
33999 34161 2xlarge 2
34012 34118 large 9
34033 34130 xlarge 2
34034 34162 large 0
34036 34142 5xlarge 0
34041 34191 medium 4
34042 34189 2xlarge 4
34043 34125 5xlarge 5
34044 34143 6xlarge 3
34051 34179 2xlarge 9
34051 34136 5xlarge 9
34056 34171 3xlarge 7
34063 34165 2xlarge 6
34063 34158 6xlarge 1
34069 34198 tiny 8
34130 34288 4xlarge 1
34171 34435 medium 5
34173 34413 2xlarge 0
34256 34659 2xlarge 3
34279 34431 large 5
34316 34412 4xlarge 2
34317 34408 6xlarge 2
34318 34428 xlarge 0
34437 34715 2xlarge 9
34476 34620 2xlarge 6
34478 34666 medium 4
34481 34631 5xlarge 5
34482 34677 2xlarge 0
34483 34636 large 0
34489 34733 4xlarge 2
34508 34674 5xlarge 9
34532 34672 medium 5
34535 34641 2xlarge 4
34540 34644 tiny 8
34543 34668 large 9
34546 34591 5xlarge 0
34546 34617 6xlarge 1
34548 34629 6xlarge 3
34558 34631 xlarge 2
34559 34633 2xlarge 2
34617 34750 tiny 6
34628 34725 large 4
34677 34838 3xlarge 7
34775 34838 medium 1
34845 35147 medium 2
34854 35155 small 7
34859 35096 2xlarge 3
34872 35134 xlarge 5
34959 35085 medium 5
34973 35156 4xlarge 6
35011 35100 6xlarge 9
35081 35484 4xlarge 2
35123 35395 large 4
35124 35238 2xlarge 9
35131 35216 xlarge 0
35131 35239 3xlarge 7
35139 35193 6xlarge 2
35141 35224 large 5
35149 35365 tiny 6
35354 35441 medium 1
35389 35517 3xlarge 7
35437 35564 medium 5
35443 35558 tiny 6
35451 35560 5xlarge 3
35453 35628 6xlarge 6
35456 35578 2xlarge 8
35481 35607 3xlarge 1
35483 35558 xlarge 9
35485 35583 large 4
35500 35696 large 5
35503 35700 xlarge 0
35504 35560 small 5
35504 35715 6xlarge 2
35558 35690 4xlarge 7
35561 35721 3xlarge 4
35563 35730 3xlarge 8
35567 35694 2xlarge 0
35576 35700 4xlarge 5
35582 35698 medium 1
35593 35756 tiny 9
35604 35727 small 1
35607 35716 large 7
35609 35728 3xlarge 7
35612 35698 5xlarge 4
35613 35698 small 3
35619 35716 4xlarge 1
35620 35727 4xlarge 9
35621 35673 tiny 2
35621 35705 large 6
35635 35724 4xlarge 2
35800 35969 large 4
35811 35944 5xlarge 2
35835 35917 tiny 6
35863 35935 medium 9
35867 36092 4xlarge 2
35956 36151 4xlarge 6
35997 36189 medium 5
36048 36236 2xlarge 0
36090 36460 tiny 6
36094 36349 3xlarge 7
36097 36229 5xlarge 4
36098 36203 4xlarge 1
36099 36166 3xlarge 4
36111 36439 large 4
36161 36314 5xlarge 0
36170 36344 medium 4
36206 36339 6xlarge 1
36212 36288 2xlarge 9
36224 36302 5xlarge 9
36229 36401 4xlarge 2
36233 36326 2xlarge 2
36278 36462 medium 2
36281 36437 5xlarge 3
36303 36440 small 7
36310 36392 xlarge 9
36317 36420 2xlarge 0
36319 36401 2xlarge 3
36340 36473 6xlarge 6
36346 36410 small 5
36349 36391 4xlarge 1
36360 36468 xlarge 5
36401 36522 tiny 7
36411 36578 6xlarge 2
36413 36580 xlarge 0
36418 36557 tiny 1
36418 36580 medium 7
36429 36519 tiny 5
36434 36529 3xlarge 3
36438 36594 6xlarge 5
36442 36583 4xlarge 3
36444 36575 large 5
36534 37003 4xlarge 2
36642 36951 large 4
36645 36822 small 4
36662 36830 4xlarge 1
36665 36777 4xlarge 0
36681 36783 6xlarge 7
36684 36919 2xlarge 9
36690 36797 4xlarge 4
36695 36899 tiny 6
36698 36762 large 2
36708 36829 2xlarge 0
36754 36915 6xlarge 6
36760 36907 2xlarge 5
36769 36920 large 5
36775 36948 medium 5
36781 37015 3xlarge 7
36811 36925 5xlarge 3
36813 36884 xlarge 1
36818 37036 medium 1
36818 36918 3xlarge 1
37031 37310 large 5
37035 37234 4xlarge 6
37058 37113 2xlarge 3
37069 37279 medium 5
37117 37271 6xlarge 5
37124 37236 3xlarge 1
37128 37299 6xlarge 2
37130 37256 large 4
37139 37276 5xlarge 3
37174 37233 2xlarge 5
37180 37293 tiny 6
37183 37237 xlarge 0
37189 37622 4xlarge 2
37190 37267 6xlarge 6
37194 37262 tiny 1
37199 37316 xlarge 1
37232 37671 6xlarge 1
37233 37491 5xlarge 2
37237 37392 6xlarge 7
37249 37521 tiny 8
37253 37383 large 2
37257 37549 xlarge 2
37259 37491 large 0
37261 37430 tiny 3
37264 37374 medium 1
37264 37359 4xlarge 4
37269 37412 small 4
37270 37538 large 9
37271 37647 2xlarge 2
37277 37503 medium 9
37281 37676 2xlarge 6
37281 37385 6xlarge 3
37288 37382 3xlarge 0
37288 37418 4xlarge 0
37291 37396 2xlarge 7
37295 37420 6xlarge 4
37298 37674 5xlarge 5
37300 37674 5xlarge 9
37303 37593 medium 4
37303 37752 3xlarge 7
37305 37634 2xlarge 4
37309 37353 3xlarge 2
37310 37395 2xlarge 1
37311 37675 2xlarge 9
37312 37602 5xlarge 0
37474 37632 tiny 2
37485 37631 4xlarge 7
37509 37602 3xlarge 8
37522 37604 small 3
37534 37628 large 6
37535 37765 medium 1
37556 37609 4xlarge 5
37599 37797 4xlarge 6
37617 37785 2xlarge 5
37628 37770 large 4
37655 37712 tiny 6
37656 37782 6xlarge 6
37658 37782 3xlarge 1
37661 37723 xlarge 1
37669 37721 medium 5
37674 37772 large 5
37674 37798 5xlarge 3
37726 37843 large 7
37738 37918 4xlarge 9
37759 37851 3xlarge 4
37759 38021 4xlarge 1
37772 37998 4xlarge 2
37779 37896 5xlarge 4
37788 37983 2xlarge 0
37840 38005 3xlarge 7
37850 38093 medium 5
37855 38009 5xlarge 8
37858 38022 medium 3
37858 38011 3xlarge 5
37867 38000 4xlarge 6
37868 37979 small 6
37870 38005 tiny 0
37885 38008 5xlarge 2
37892 38020 6xlarge 0
37895 37982 medium 9
37900 38023 medium 0
37957 38117 large 4
37964 38130 2xlarge 5
37965 38157 6xlarge 6
37987 38144 medium 2
37989 38159 small 7
37998 38114 large 5
37999 38121 xlarge 0
38007 38134 xlarge 1
38008 38149 6xlarge 2
38012 38155 tiny 6
38021 38103 2xlarge 3
38032 38087 xlarge 5
38034 38120 5xlarge 3
38039 38088 3xlarge 1
38074 39167 4xlarge 2
38196 38374 large 4
38206 38332 small 5
38213 38317 2xlarge 3
38225 38342 xlarge 9
38237 38394 2xlarge 8
38250 38445 2xlarge 0
38255 38377 tiny 6
38257 38347 6xlarge 6
38267 38315 5xlarge 3
38352 38465 medium 1
38352 38466 4xlarge 1
38397 38448 3xlarge 7
38554 38699 3xlarge 7
38555 38848 large 7
38567 38994 4xlarge 1
38575 38824 large 5
38576 38849 4xlarge 9
38612 38947 2xlarge 0
38625 38799 3xlarge 4
38640 38798 5xlarge 4
38684 38808 6xlarge 2
38693 38814 small 1
38751 38829 tiny 9
38757 38837 xlarge 0
38799 38981 3xlarge 1
38809 39086 medium 5
38825 39108 2xlarge 3
38828 38930 xlarge 1
38830 39061 large 4
38836 38958 6xlarge 6
38838 38967 2xlarge 5
38841 38948 5xlarge 3
38848 39094 tiny 6
38940 39050 4xlarge 6
38958 39159 large 5
39040 39166 xlarge 0
39052 39198 6xlarge 5
39056 39211 6xlarge 2
39058 39419 3xlarge 7
39100 39215 tiny 1
39279 39417 4xlarge 1
39287 39418 2xlarge 0
39289 39393 large 4
39294 39471 tiny 0
39300 39419 small 6
39308 39718 4xlarge 2
39320 39406 tiny 6
39321 39461 medium 5
39332 39467 4xlarge 6
39354 39405 medium 0
39357 39449 3xlarge 4
39360 39412 5xlarge 8
39399 39553 3xlarge 2
39402 39557 6xlarge 4
39424 39587 tiny 3
39425 39526 5xlarge 2
39433 39532 3xlarge 0
39436 39587 medium 9
39446 39579 2xlarge 1
39515 39678 xlarge 1
39516 39712 5xlarge 3
39522 39687 small 8
39522 39683 3xlarge 1
39522 39638 3xlarge 7
39529 39710 tiny 1
39529 39696 large 5
39529 39658 3xlarge 6
39532 39668 6xlarge 5
39544 39660 xlarge 8
39547 39713 tiny 6
39549 39708 2xlarge 5
39550 39656 6xlarge 2
39582 39683 xlarge 0
39585 39694 large 4
39587 39666 xlarge 4
39592 39704 medium 5
39594 39637 large 8
39597 39671 6xlarge 6
39637 39784 2xlarge 8
39660 39811 xlarge 9
39715 39774 small 5
39757 39888 4xlarge 6
39799 40193 2xlarge 3
39806 40041 3xlarge 7
39824 39933 medium 5
39840 40473 4xlarge 2
39889 40052 medium 1
39894 40190 2xlarge 9
39911 40076 large 4
39911 40063 5xlarge 3
39933 40079 6xlarge 6
39960 40048 tiny 6
40002 40115 medium 2
40026 40174 xlarge 5
40075 40197 small 7
40141 40313 3xlarge 7
40261 40390 2xlarge 9
40276 40505 tiny 6
40306 40525 large 4
40357 40530 medium 6
40371 40503 large 3
40380 40513 xlarge 3
40380 40500 4xlarge 4
40391 40523 2xlarge 0
40409 40520 large 2
40413 40504 4xlarge 1
40424 40553 4xlarge 0
40425 40558 small 4
40429 40551 large 1
40433 40558 6xlarge 7
40603 40721 5xlarge 3
40612 40733 large 4
40635 40772 3xlarge 1
40641 40739 4xlarge 2
40669 40744 medium 5
40676 40759 tiny 6
40676 40741 2xlarge 0
40676 40760 6xlarge 6
40677 40772 4xlarge 6
40748 40900 2xlarge 3
40832 41005 tiny 0
40853 41021 medium 4
40855 40981 medium 5
40859 40968 2xlarge 9
40861 40966 5xlarge 5
40862 41022 3xlarge 7
40866 40971 2xlarge 6
40878 41087 xlarge 9
40879 41022 large 4
40879 40997 4xlarge 6
40890 40981 medium 0
40892 40993 6xlarge 1
40903 41010 2xlarge 4
40903 40992 5xlarge 0
40905 41001 tiny 6
40907 41148 small 5
40908 41022 2xlarge 2
40917 41033 5xlarge 9
40918 40962 medium 1
40918 40972 5xlarge 8
40972 41093 6xlarge 7
41028 41278 4xlarge 2
41086 41614 tiny 6
41095 41245 6xlarge 2
41105 41326 2xlarge 3
41113 41249 large 5
41127 41205 xlarge 0
41157 41563 large 4
41327 41459 4xlarge 0
41327 41511 6xlarge 6
41331 41461 large 2
41355 41441 4xlarge 2
41373 41496 4xlarge 4
41375 41456 medium 6
41379 41474 6xlarge 7
41381 41483 small 4
41397 41467 5xlarge 3
41553 41746 large 2
41560 41723 tiny 2
41573 41731 6xlarge 7
41577 41692 large 1
41587 41715 small 3
41594 41710 4xlarge 2
41598 41671 4xlarge 4
41606 41698 3xlarge 7
41606 41737 4xlarge 5
41607 41672 large 6
41618 41671 4xlarge 0
41623 41722 medium 1
41631 41731 3xlarge 8
41633 41751 4xlarge 7
41636 41743 small 4
41639 41723 medium 6
41687 41915 large 4
41710 41808 3xlarge 1
41730 41969 tiny 6
41731 41820 6xlarge 6
41752 41795 5xlarge 3
41835 41996 2xlarge 9
41842 41970 4xlarge 2
41849 41913 3xlarge 7
41862 41973 medium 1
41918 42041 xlarge 5
41936 42045 2xlarge 0
41937 42175 2xlarge 3
41954 42061 6xlarge 9
41968 42106 small 7
41998 42117 medium 2
42039 42214 6xlarge 5
42048 42212 tiny 7
42068 42220 xlarge 0
42070 42184 tiny 1
42080 42277 tiny 6
42081 42344 large 4
42087 42199 large 5
42094 42331 4xlarge 2
42111 42202 6xlarge 2
42164 42356 medium 1
42189 42286 5xlarge 3
42206 42535 3xlarge 7
42215 42300 3xlarge 1
42238 42357 6xlarge 6
42293 42474 2xlarge 3
42297 42575 2xlarge 0
42321 42546 4xlarge 1
42402 42541 tiny 2
42408 42534 tiny 6
42416 42544 4xlarge 5
42427 42523 medium 1
42445 42549 large 4
42454 42579 4xlarge 7
42471 42596 large 6
42473 42596 3xlarge 8
42479 42533 small 3
42514 42785 4xlarge 2
42632 42773 3xlarge 7
42644 42836 tiny 6
42675 42822 large 4
42679 42820 medium 1
42688 42753 4xlarge 1
42689 42782 2xlarge 0
42760 42916 medium 2
42777 42871 2xlarge 9
42786 42874 6xlarge 9
42799 42900 small 7
42812 42907 xlarge 5
42836 42934 2xlarge 3
42908 42999 2xlarge 0
42914 43071 large 4
42936 43067 tiny 6
42937 43032 4xlarge 1
43007 43314 medium 5
43025 43140 xlarge 0
43045 43127 4xlarge 6
43049 43143 6xlarge 2
43054 43116 large 5
43073 43272 3xlarge 7
43114 43266 3xlarge 1
43126 43271 2xlarge 3
43132 43638 large 4
43137 43393 2xlarge 9
43137 43308 4xlarge 2
43142 43240 6xlarge 4
43146 43233 2xlarge 1
43148 43285 6xlarge 6
43152 43270 2xlarge 7
43156 43302 small 9
43157 43233 small 2
43168 43254 tiny 3
43172 43241 3xlarge 2
43176 43604 tiny 6
43181 43313 5xlarge 3
43183 43290 5xlarge 2
43186 43318 medium 9
43190 43285 xlarge 7
43199 43282 3xlarge 0
43366 43479 xlarge 0
43377 43627 4xlarge 1
43393 43539 3xlarge 1
43408 43537 large 5
43414 43627 6xlarge 6
43423 43616 2xlarge 0
43426 43672 4xlarge 2
43437 43559 5xlarge 3
43498 43645 medium 5
43592 43777 6xlarge 9
43602 43776 medium 2
43614 43795 small 7
43623 43736 2xlarge 3
43668 43781 xlarge 5
43712 43893 small 5
43712 44033 large 5
43727 44336 large 4
43729 43880 xlarge 9
43732 43872 6xlarge 6
43742 43895 6xlarge 7
43762 44350 tiny 6
43766 43865 medium 5
43782 43904 5xlarge 3
43796 44015 2xlarge 9
43800 43958 4xlarge 2
43838 43978 6xlarge 2
43847 44035 6xlarge 3
43848 43993 3xlarge 3
43854 43969 6xlarge 1
43859 44007 xlarge 2
43865 44037 tiny 8
43866 43953 2xlarge 4
43875 43986 5xlarge 5
43881 44023 2xlarge 6
43885 44033 5xlarge 0
43892 44105 2xlarge 3
43893 43999 large 0
43894 44036 tiny 7
43897 43951 medium 7
43903 44023 xlarge 0
43907 44033 medium 4
43910 43973 5xlarge 9
43910 43974 6xlarge 5
43911 43973 3xlarge 7
43918 44022 tiny 1
43918 43963 2xlarge 2
43920 44003 large 9
44076 44194 3xlarge 1
44076 44486 4xlarge 2
44085 44249 3xlarge 6
44095 44198 4xlarge 6
44096 44232 5xlarge 3
44100 44222 medium 0
44101 44192 6xlarge 6
44105 44271 5xlarge 8
44116 44268 small 8
44118 44251 medium 5
44121 44276 large 8
44124 44255 tiny 0
44124 44271 2xlarge 5
44128 44262 xlarge 1
44153 44214 xlarge 4
44155 44277 xlarge 8
44454 44605 large 4
44480 44692 medium 5
44512 44569 tiny 6
44512 44693 4xlarge 6
44569 45194 4xlarge 2
44618 44973 3xlarge 7
44624 44759 2xlarge 3
44675 44794 3xlarge 0
44681 44827 tiny 3
44683 44836 5xlarge 2
44703 44859 2xlarge 1
44706 44809 large 4
44721 44849 medium 9
44721 44799 2xlarge 7
44733 44861 6xlarge 4
44746 44847 3xlarge 2
44753 44809 tiny 6
44819 44999 medium 1
44858 44973 tiny 2
44925 45072 tiny 3
44934 45092 3xlarge 0
44935 45052 3xlarge 2
44946 45074 2xlarge 7
44957 45085 2xlarge 1
44972 45085 medium 9
44989 45080 medium 5
44997 45056 6xlarge 4
44999 45038 5xlarge 2
45034 45185 3xlarge 1
45037 45336 2xlarge 0
45041 45169 2xlarge 9
45044 45178 tiny 6
45071 45181 5xlarge 3
45089 45170 large 4
45096 45237 6xlarge 6
45119 45349 4xlarge 1
45162 45337 medium 5
45178 45273 3xlarge 2
45190 45421 2xlarge 3
45191 45324 medium 9
45222 45355 6xlarge 4
45240 45332 5xlarge 2
45324 45441 2xlarge 9
45337 45418 2xlarge 2
45344 45464 5xlarge 0
45345 45427 5xlarge 9
45405 45550 6xlarge 2
45412 45522 xlarge 0
45449 45581 large 5
45521 45766 2xlarge 3
45526 45645 small 7
45526 45651 4xlarge 2
45575 45698 xlarge 5
45587 45694 medium 2
45641 45839 medium 5
45646 45820 small 0
45654 45768 5xlarge 6
45661 45803 tiny 2
45662 45839 4xlarge 8
45663 45785 2xlarge 8
45667 45805 medium 8
45674 45924 3xlarge 7
45689 45805 3xlarge 9
45707 45876 xlarge 9
45713 45936 small 5
45714 45770 5xlarge 7
45719 45819 medium 1
45778 46006 large 5
45779 46008 xlarge 0
45812 46073 6xlarge 2
45883 46048 2xlarge 3
45992 46116 large 2
45992 46181 4xlarge 6
45998 46128 3xlarge 7
46004 46156 small 4
46033 46137 6xlarge 7
46041 46187 4xlarge 4
46046 46117 medium 5
46052 46259 4xlarge 2
46055 46255 small 5
46060 46301 xlarge 9
46078 46135 4xlarge 0
46123 46362 tiny 6
46149 46390 6xlarge 6
46176 46383 5xlarge 3
46194 46359 large 4
46232 46438 xlarge 0
46234 46432 medium 4
46239 46408 large 5
46244 46368 4xlarge 1
46247 46401 large 0
46252 46412 5xlarge 9
46253 46421 3xlarge 2
46257 46358 6xlarge 1
46258 46413 medium 9
46262 46405 6xlarge 3
46264 46384 xlarge 2
46267 46359 2xlarge 6
46269 46410 2xlarge 4
46269 46424 5xlarge 0
46279 46438 large 9
46281 46351 2xlarge 0
46293 46394 tiny 8
46295 46389 5xlarge 4
46296 46374 2xlarge 9
46296 46420 6xlarge 5
46303 46426 3xlarge 7
46304 46433 5xlarge 5
46304 46395 6xlarge 4
46308 46424 tiny 1
46310 46430 3xlarge 4
46312 46386 6xlarge 2
46314 46351 5xlarge 2
46319 46385 2xlarge 2
46364 46516 6xlarge 7
46400 46504 2xlarge 3
46428 46498 small 4
46438 47131 4xlarge 2
46512 46836 2xlarge 0
46519 46910 4xlarge 1
46535 46865 tiny 6
46541 46620 6xlarge 6
46555 46876 large 4
46599 46752 medium 1
46603 46736 tiny 9
46613 46783 xlarge 0
46616 46749 large 7
46632 46745 5xlarge 4
46633 46799 small 3
46633 46771 2xlarge 3
46638 46787 3xlarge 7
46648 46733 4xlarge 9
46652 46792 small 1
46652 46725 3xlarge 4
46660 46787 4xlarge 7
46665 46750 large 6
46671 46736 large 5
46675 46758 tiny 2
46741 46889 5xlarge 3
46749 46876 6xlarge 6
46757 46857 3xlarge 1
46856 47017 5xlarge 2
46858 47035 6xlarge 4
46869 47136 6xlarge 7
46910 46992 medium 9
46920 46952 3xlarge 2
46980 47099 small 4
46982 47076 2xlarge 0
47015 47074 4xlarge 1
47113 47325 large 4
47118 47369 tiny 6
47192 47503 medium 5
47204 47316 3xlarge 1
47207 47345 3xlarge 7
47213 47341 4xlarge 1
47235 47392 6xlarge 6
47245 47315 xlarge 4
47252 47327 5xlarge 3
47254 47321 xlarge 1
47254 47395 2xlarge 0
47261 47394 2xlarge 5
47266 47348 small 8
47267 47330 xlarge 8
47278 47503 4xlarge 6
47312 47498 2xlarge 3
47321 47462 small 7
47332 47431 medium 2
47388 47479 xlarge 5
47440 47605 small 4
47441 47598 4xlarge 2
47484 47607 6xlarge 7
47494 47621 3xlarge 7
47500 47911 large 4
47507 47555 large 2
47509 47634 4xlarge 0
47514 47597 4xlarge 4
47515 47920 tiny 6
47675 47820 4xlarge 1
47677 47834 xlarge 0
47682 47868 xlarge 4
47683 47842 xlarge 8
47689 47799 large 5
47695 47807 large 8
47701 47828 6xlarge 2
47710 47801 2xlarge 0
47713 47879 5xlarge 3
47733 47870 3xlarge 1
47735 47793 3xlarge 7
47743 47831 6xlarge 6
47748 47848 6xlarge 5
47749 47813 2xlarge 5
47751 47791 3xlarge 6
47758 47842 tiny 1
47759 47821 small 8
47760 47805 xlarge 1
47760 48455 4xlarge 2
47811 47917 5xlarge 8
47815 47930 4xlarge 6
47820 47938 medium 0
47831 47939 medium 5
47868 47976 tiny 0
47915 48040 xlarge 9
47922 48041 2xlarge 0
47928 48038 small 5
47933 48060 4xlarge 1
48039 48191 tiny 1
48063 48228 xlarge 0
48070 48164 6xlarge 2
48088 48166 6xlarge 5
48115 48229 large 5
48199 48339 4xlarge 6
48206 48302 medium 5
48216 48516 3xlarge 7
48319 48552 large 5
48404 48527 medium 5
48442 48589 xlarge 0
48474 48569 6xlarge 2
48479 48513 4xlarge 6
48523 48670 4xlarge 1
48523 48653 6xlarge 6
48537 48657 2xlarge 0
48543 48682 3xlarge 1
48544 48676 5xlarge 3
48576 48935 large 4
48599 48880 tiny 6
48638 48804 6xlarge 7
48677 49274 4xlarge 2
48790 48913 2xlarge 0
48816 48898 4xlarge 1
48902 49052 2xlarge 9
49066 49119 3xlarge 7
49117 49352 medium 5
49128 49247 medium 9
49130 49262 6xlarge 4
49150 49284 5xlarge 2
49160 49232 3xlarge 2
49244 49401 4xlarge 1
49288 49385 2xlarge 0
49384 49492 3xlarge 7
49405 49777 4xlarge 2
49504 49611 small 7
49504 49640 large 5
49505 49597 small 5
49507 49664 xlarge 9
49508 49602 medium 8
49510 49638 xlarge 0
49510 49621 3xlarge 9
49517 49639 xlarge 5
49517 49648 2xlarge 8
49526 49627 2xlarge 3
49527 49677 medium 2
49531 49601 6xlarge 2
49532 49596 small 0
49539 49592 6xlarge 7
49545 49746 tiny 6
49552 49791 large 4
49556 49597 4xlarge 8
49642 49740 medium 5
49744 49905 4xlarge 1
49765 50128 large 5
49785 49912 2xlarge 0
49838 50154 2xlarge 9
49875 50017 6xlarge 7
49878 50322 tiny 6
49879 50330 large 4
49880 50017 2xlarge 3
49893 50273 4xlarge 2
49955 50158 2xlarge 2
49967 50086 5xlarge 0
50040 50094 5xlarge 9
50082 50235 medium 5
50090 50265 6xlarge 6
50122 50197 4xlarge 6
50219 50508 2xlarge 0
50253 50513 4xlarge 1
50314 50566 medium 5
50432 50614 4xlarge 6
50453 50675 xlarge 9
50469 50923 4xlarge 2
50511 50690 small 5
50563 50856 3xlarge 7
50606 50686 tiny 2
50631 50686 medium 1
50681 50848 medium 5
50689 50877 5xlarge 8
50689 50842 6xlarge 0
50690 50846 medium 2
50706 50850 medium 0
50711 50817 tiny 0
50724 50864 2xlarge 3
50726 50845 small 7
50728 50796 3xlarge 5
50728 50798 4xlarge 6
50747 50872 6xlarge 9
50753 50861 xlarge 5
50760 50859 small 6
50931 51098 2xlarge 9
50940 51065 medium 5
50950 51073 small 7
50964 51054 6xlarge 9
50968 51034 medium 2
50977 51036 xlarge 5
50977 51035 2xlarge 2
50981 51082 2xlarge 3
50993 51064 5xlarge 9
51044 51229 4xlarge 7
51051 51214 tiny 6
51052 51231 tiny 2
51053 51278 4xlarge 1
51058 51168 4xlarge 5
51061 51229 small 3
51062 51159 3xlarge 8
51075 51230 large 4
51078 51230 3xlarge 7
51086 51159 large 6
51086 51168 4xlarge 2
51089 51355 2xlarge 0
51100 51208 medium 1
51174 51282 3xlarge 4
51229 51295 large 7
51232 51351 4xlarge 9
51236 51272 5xlarge 4
51280 51458 3xlarge 9
51290 51397 small 3
51299 51409 small 5
51307 51410 xlarge 9
51309 51413 3xlarge 2
51314 51401 6xlarge 4
51315 51462 tiny 2
51317 51410 2xlarge 8
51328 51478 4xlarge 7
51332 51432 medium 8
51333 51470 medium 1
51338 51430 3xlarge 7
51349 51398 4xlarge 8
51351 51561 2xlarge 9
51351 51435 5xlarge 2
51357 51440 small 0
51359 51397 medium 9
51359 51400 large 6
51402 51512 2xlarge 2
51409 51596 5xlarge 9
51412 51553 6xlarge 1
51414 51535 5xlarge 0
51426 51569 medium 4
51439 51568 4xlarge 2
51463 51555 2xlarge 6
51471 51568 2xlarge 4
51519 51686 medium 5
51525 51631 tiny 2
51540 51632 3xlarge 8
51544 51807 3xlarge 7
51547 51663 tiny 6
51547 51672 4xlarge 5
51562 51707 small 3
51563 51698 4xlarge 7
51570 51718 large 4
51571 51765 medium 1
51578 51716 large 6
51637 51798 2xlarge 9
51679 51755 5xlarge 9
51688 51786 2xlarge 2
51689 51800 large 5
51755 51946 medium 2
51758 51913 xlarge 5
51789 52548 tiny 6
51792 52482 large 4
51820 51914 2xlarge 3
51825 52002 4xlarge 2
51875 52149 2xlarge 1
51881 52130 5xlarge 2
51885 52156 medium 9
51891 52191 tiny 3
51891 52063 2xlarge 0
51896 52011 3xlarge 0
51904 52036 2xlarge 7
51912 52140 3xlarge 2
51935 52000 3xlarge 1
51935 52056 4xlarge 1
51943 52144 6xlarge 6
51953 52063 5xlarge 3
51953 52116 6xlarge 4
52015 52132 xlarge 9
52069 52181 small 5
52113 52271 xlarge 5
52116 52314 2xlarge 3
52170 52253 medium 2
52246 52388 tiny 5
52246 52376 xlarge 0
52247 52355 6xlarge 2
52266 52428 large 5
52281 52432 6xlarge 8
52282 52762 4xlarge 2
52284 52377 tiny 7
52284 52365 4xlarge 3
52288 52436 medium 5
52293 52418 tiny 1
52305 52415 medium 7
52314 52432 3xlarge 3
52314 52358 6xlarge 5
52315 52379 4xlarge 6
52373 52555 6xlarge 7
52375 52499 2xlarge 9
52381 52500 2xlarge 2
52392 52512 small 4
52418 52487 5xlarge 9
52488 52658 medium 5
52534 52788 3xlarge 7
52612 52724 tiny 6
52636 52766 4xlarge 7
52637 52721 medium 1
52639 52754 4xlarge 5
52648 52772 large 4
52649 52748 tiny 2
52654 52724 2xlarge 3
52661 52744 small 3
52661 52763 3xlarge 8
52677 52731 large 6
52834 53000 tiny 6
52891 53023 large 4
52917 53018 large 5
52918 52984 2xlarge 3
52960 53206 3xlarge 7
52961 53138 small 5
52972 53114 5xlarge 9
52990 53124 2xlarge 9
52996 53149 xlarge 9
53012 53146 2xlarge 2
53091 53246 4xlarge 2
53092 53240 6xlarge 7
53099 53232 medium 1
53104 53193 small 3
53111 53194 3xlarge 8
53121 53242 tiny 2
53131 53275 4xlarge 7
53135 53196 large 6
53147 53265 4xlarge 5
53199 53382 5xlarge 3
53202 53317 2xlarge 5
53204 53351 3xlarge 1
53213 53362 large 8
53223 53634 tiny 6
53224 53334 3xlarge 0
53225 53325 xlarge 7
53225 53379 2xlarge 1
53227 53321 3xlarge 2
53240 53311 4xlarge 1
53242 53376 5xlarge 2
53248 53323 tiny 3
53257 53329 small 9
53257 53353 6xlarge 6
53259 53386 small 8
53259 53349 xlarge 1
53260 53357 3xlarge 6
53261 53342 2xlarge 7
53263 53380 2xlarge 0
53265 53372 medium 9
53271 53396 6xlarge 4
53272 53350 xlarge 4
53278 53388 small 2
53279 53611 large 4
53280 53312 xlarge 8
53319 53453 tiny 2
53324 53436 5xlarge 9
53330 53806 4xlarge 2
53331 53445 3xlarge 7
53352 53510 small 3
53358 53497 2xlarge 9
53360 53621 2xlarge 3
53362 53434 medium 1
53392 53469 large 6
53398 53491 2xlarge 2
53398 53507 4xlarge 7
53437 53555 6xlarge 7
53593 53675 medium 5
53684 53855 small 5
53709 53970 large 5
53710 53943 large 4
53713 53876 xlarge 0
53736 53850 xlarge 9
53738 53819 6xlarge 2
53740 53935 tiny 6
53801 53966 2xlarge 0
53804 53958 4xlarge 1
53820 53916 large 7
53838 53973 5xlarge 4
53848 53914 3xlarge 4
53854 53983 4xlarge 9
53923 54393 3xlarge 7
54034 54238 6xlarge 7
54042 54281 4xlarge 2
54053 54190 large 7
54056 54188 2xlarge 0
54060 54213 5xlarge 4
54065 54357 2xlarge 3
54090 54160 small 4
54101 54217 4xlarge 9
54111 54154 4xlarge 1
54116 54207 3xlarge 4
54117 54151 tiny 9
54152 54307 small 3
54152 54273 6xlarge 2
54160 54323 medium 2
54161 54275 4xlarge 7
54182 54281 medium 1
54187 54355 xlarge 5
54199 54302 large 6
54211 54326 4xlarge 5
54212 54280 small 7
54225 54301 tiny 2
54225 54343 large 5
54228 54319 tiny 1
54230 54279 xlarge 0
54233 54335 3xlarge 8
54235 54301 6xlarge 5
54285 54592 tiny 6
54315 54526 4xlarge 1
54327 54575 2xlarge 0
54329 54585 large 4
54342 54392 2xlarge 9
54396 54558 6xlarge 4
54407 54585 large 5
54414 54522 5xlarge 2
54428 54702 4xlarge 2
54437 54597 3xlarge 2
54451 54527 2xlarge 1
54469 54549 tiny 3
54469 54536 xlarge 0
54480 54526 medium 9
54580 54688 3xlarge 7
54591 54652 2xlarge 3
54645 54836 3xlarge 4
54655 54780 5xlarge 4
54659 54823 tiny 1
54674 54769 6xlarge 5
54675 54935 2xlarge 0
54676 54758 medium 5
54688 54773 xlarge 0
54693 54956 4xlarge 1
54697 54824 large 5
54699 54789 6xlarge 2
54716 54751 4xlarge 6
54808 55075 3xlarge 7
54880 55047 2xlarge 1
54886 55024 tiny 3
54888 55048 small 3
54902 54994 tiny 6
54902 55019 large 4
54910 55044 3xlarge 0
54914 55035 large 6
54921 55040 medium 9
54927 55070 medium 1
54928 55011 4xlarge 5
54933 55024 4xlarge 7
54935 55022 tiny 2
54948 55045 6xlarge 4
54955 55056 3xlarge 8
54957 54992 3xlarge 2
54958 55033 5xlarge 2
55114 55232 6xlarge 7
55129 55243 4xlarge 2
55172 55255 large 4
55182 55621 3xlarge 7
55183 55235 tiny 6
55255 55410 4xlarge 6
55302 55435 2xlarge 0
55309 55396 medium 5
55318 55411 4xlarge 1
55490 55623 tiny 0
55498 55592 4xlarge 1
55510 55597 tiny 6
55518 55650 5xlarge 8
55532 55678 2xlarge 0
55533 55662 4xlarge 6
55546 55671 large 4
55552 55619 medium 5
55559 55621 medium 0
55626 55781 large 5
55633 55785 2xlarge 9
55634 55716 4xlarge 2
55672 56020 2xlarge 3
55891 55971 4xlarge 2
55955 56149 5xlarge 0
55957 56083 6xlarge 1
55967 56155 small 5
55988 56133 2xlarge 4
55989 56263 5xlarge 9
55990 56101 medium 4
55996 56263 2xlarge 2
56001 56076 xlarge 9
56020 56074 2xlarge 6
56020 56258 2xlarge 9
56073 56217 4xlarge 1
56089 56315 4xlarge 6
56096 56234 tiny 9
56101 56275 3xlarge 4
56116 56265 5xlarge 4
56123 56335 medium 5
56126 56258 small 1
56138 56232 large 5
56144 56381 2xlarge 0
56148 56272 4xlarge 9
56158 56214 large 7
56193 56332 medium 2
56209 56343 large 4
56220 56372 tiny 0
56221 56397 small 7
56232 56507 xlarge 5
56233 56344 tiny 6
56236 56476 3xlarge 7
56239 56388 6xlarge 9
56248 56449 2xlarge 3
56255 56352 6xlarge 6
56262 56514 4xlarge 2
56560 56680 2xlarge 0
56582 56751 4xlarge 1
56616 57044 4xlarge 2
56738 56879 xlarge 9
56746 56859 small 5
56798 56913 6xlarge 2
56809 57088 large 5
56825 56929 tiny 1
56825 57080 xlarge 0
56852 57073 medium 5
56876 56964 6xlarge 5
56913 57116 4xlarge 7
56915 57058 4xlarge 4
56923 57118 3xlarge 7
56928 57088 medium 0
56932 57088 tiny 0
56939 57074 4xlarge 5
56944 57097 tiny 2
56951 57116 4xlarge 0
56955 57045 5xlarge 8
56958 57113 large 2
56963 57076 medium 1
56963 57036 3xlarge 8
56974 57104 large 6
56976 57040 medium 6
56982 57096 small 3
56982 57043 small 4
56992 57113 large 4
56995 57071 tiny 6
57000 57050 4xlarge 6
57000 57101 6xlarge 7
57032 57411 2xlarge 2
57041 57465 5xlarge 9
57060 57433 2xlarge 9
57156 57334 6xlarge 2
57161 57287 xlarge 0
57164 57350 4xlarge 6
57166 57280 2xlarge 3
57186 57356 5xlarge 0
57192 57315 medium 5
57197 57306 large 5
57333 57668 4xlarge 2
57411 57590 4xlarge 6
57436 57513 medium 5
57451 57550 xlarge 5
57471 57592 2xlarge 3
57518 57709 xlarge 9
57532 57647 2xlarge 9
57548 57664 3xlarge 9
57562 57935 3xlarge 7
57562 57663 4xlarge 8
57571 57667 medium 8
57578 57704 4xlarge 1
57587 57656 2xlarge 0
57591 57684 2xlarge 8
57594 57698 small 5
57648 57770 small 7
57665 57759 xlarge 0
57672 57826 medium 2
57674 57779 xlarge 5
57676 57790 large 5
57684 57820 6xlarge 9
57709 57774 2xlarge 3
57752 57941 4xlarge 4
57755 57912 large 1
57759 57921 large 3
57759 57947 4xlarge 2
57764 57913 4xlarge 7
57770 57893 xlarge 3
57782 57951 small 4
57782 57914 2xlarge 0
57796 57891 6xlarge 7
57806 57882 large 2
57812 57874 large 6
57823 57943 medium 6
57825 57912 tiny 2
57828 57958 medium 1
57833 57902 4xlarge 0
57837 57949 4xlarge 1
57873 58068 small 5
57877 58052 xlarge 0
57896 57994 large 5
57902 58004 xlarge 9
57933 58064 2xlarge 9
58009 58183 medium 9
58010 58178 tiny 3
58019 58118 6xlarge 4
58020 58136 2xlarge 1
58022 58181 3xlarge 0
58036 58199 5xlarge 2
58056 58185 3xlarge 2
58125 58380 4xlarge 1
58130 58309 6xlarge 6
58133 58276 tiny 6
58149 58366 2xlarge 0
58187 58281 large 4
58236 58393 3xlarge 4
58258 58411 2xlarge 2
58299 58365 2xlarge 9
58299 58432 5xlarge 9
58372 58546 6xlarge 7
58402 58533 4xlarge 2
58411 58506 large 5
58524 58625 large 4
58526 58658 tiny 6
58716 58904 xlarge 0
58720 58907 2xlarge 9
58728 58856 5xlarge 9
58764 58832 large 5
58766 58896 2xlarge 2
58837 59027 4xlarge 2
58839 59012 3xlarge 7
58840 59035 tiny 2
58890 58964 medium 1
58956 59519 large 5
58966 59114 2xlarge 0
58981 59107 2xlarge 3
58989 59097 xlarge 0
58994 59146 4xlarge 1
59078 59271 6xlarge 6
59087 59225 xlarge 1
59094 59234 large 8
59099 59211 3xlarge 1
59103 59268 xlarge 4
59119 59254 2xlarge 5
59121 59197 small 8
59129 59265 tiny 6
59133 59195 5xlarge 3
59141 59198 large 4
59144 59214 3xlarge 6
59155 59202 xlarge 8
59158 59276 3xlarge 7
59204 59484 3xlarge 2
59205 59432 6xlarge 4
59231 59328 4xlarge 6
59233 59507 5xlarge 2
59244 59344 medium 5
59261 59362 tiny 3
59264 59378 2xlarge 1
59270 59343 tiny 0
59274 59490 medium 9
59277 59357 5xlarge 8
59279 59366 medium 0
59321 59608 4xlarge 2
59336 59590 large 4
59339 59472 2xlarge 2
59348 59467 2xlarge 4
59354 59621 tiny 6
59360 59459 medium 4
59365 59463 5xlarge 0
59366 59446 2xlarge 9
59366 59444 5xlarge 9
59368 59447 2xlarge 6
59376 59512 6xlarge 1
59456 59846 medium 5
59470 59594 3xlarge 7
59495 59614 4xlarge 6
59690 59849 tiny 6
59737 59850 4xlarge 2
59745 59834 large 4
59795 59961 2xlarge 0
59913 60091 2xlarge 3
59932 60236 4xlarge 2
59963 60048 large 5
60046 60173 4xlarge 6
60081 60163 medium 5
60203 60312 large 4
60211 60288 tiny 6
60276 60550 4xlarge 2
60303 60431 6xlarge 2
60328 60434 xlarge 0
60349 60559 large 5
60360 60440 2xlarge 3
60441 60563 2xlarge 9
60514 60687 medium 5
60527 60646 medium 9
60547 60705 5xlarge 2
60567 60718 3xlarge 2
60588 60655 6xlarge 4
60671 60752 2xlarge 0
60710 61485 4xlarge 2
60775 60939 2xlarge 3
60891 61013 5xlarge 9
60892 61071 4xlarge 6
60898 61016 2xlarge 2
60900 61046 xlarge 9
60919 61001 medium 5
60932 61014 tiny 0
60932 61030 2xlarge 9
60940 61046 small 5
60942 61417 xlarge 0
60946 61389 6xlarge 2
60957 61355 large 5
61009 61126 3xlarge 3
61023 61138 medium 7
61041 61196 tiny 7
61042 61356 6xlarge 5
61046 61408 tiny 1
61046 61126 3xlarge 7
61077 61141 tiny 5
61232 61368 small 7
61232 61392 4xlarge 1
61236 61405 medium 2
61242 61438 6xlarge 9
61266 61439 2xlarge 0
61288 61406 xlarge 5
61302 61378 2xlarge 3
61375 61486 medium 5
61391 61534 small 4
61437 61532 6xlarge 7
61483 61673 6xlarge 9
61486 61600 small 7
61513 61875 2xlarge 3
61531 61673 medium 2
61542 61632 xlarge 5
61607 61711 large 4
61611 61764 5xlarge 3
61614 61749 3xlarge 1
61618 61716 6xlarge 6
61620 62315 4xlarge 2
61622 61756 xlarge 9
61658 61780 small 5
61664 61773 tiny 6
61724 61876 5xlarge 4
61728 61835 3xlarge 4
61731 61837 large 7
61736 61913 small 1
61744 61850 tiny 9
61745 61831 4xlarge 9
61761 61973 2xlarge 0
61773 61917 3xlarge 7
61794 62015 4xlarge 1
61833 61978 small 6
61834 62036 6xlarge 0
61835 62022 4xlarge 6
61837 61994 5xlarge 8
61888 62005 3xlarge 5
61896 62007 medium 0
61900 61961 tiny 0
61906 61990 medium 5
61993 62110 2xlarge 3
62038 62118 large 5
62203 62345 6xlarge 6
62217 62445 large 4
62243 62377 3xlarge 1
62253 62338 medium 5
62254 62330 xlarge 4
62259 62513 tiny 6
62268 62367 5xlarge 3
62274 62364 2xlarge 5
62279 62316 xlarge 1
62616 62837 4xlarge 2
62685 62857 2xlarge 9
62685 62795 5xlarge 9
62694 62808 medium 5
62704 62794 2xlarge 2
62750 62859 2xlarge 3
62799 62915 3xlarge 2
62810 62931 4xlarge 1
62818 62996 6xlarge 4
62839 62912 medium 9
62847 62985 2xlarge 0
62862 62928 5xlarge 2
62928 63116 4xlarge 2
62984 63043 3xlarge 7
63039 63227 6xlarge 6
63061 63188 small 5
63067 63176 tiny 6
63071 63193 large 4
63079 63207 5xlarge 3
63109 63219 3xlarge 1
63115 63234 xlarge 9
63169 63295 4xlarge 5
63176 63311 3xlarge 8
63193 63290 large 6
63194 63280 4xlarge 1
63205 63352 3xlarge 7
63211 63271 2xlarge 0
63220 63334 medium 1
63224 63346 tiny 2
63231 63355 small 3
63233 63356 4xlarge 7
63239 63391 2xlarge 3
63349 63403 large 5
63444 63587 4xlarge 2
63526 63705 medium 9
63532 63678 2xlarge 7
63545 63719 6xlarge 4
63546 63691 small 9
63551 63712 tiny 3
63557 63713 5xlarge 2
63573 63711 2xlarge 1
63575 63653 xlarge 7
63579 63712 small 2
63587 63691 3xlarge 2
63598 63642 3xlarge 0
63649 63800 tiny 6
63649 64123 4xlarge 2
63657 63758 large 4
63660 63795 5xlarge 3
63664 63774 6xlarge 6
63676 63807 2xlarge 3
63678 63762 4xlarge 1
63682 63832 2xlarge 0
63715 63781 3xlarge 1
63783 63901 2xlarge 2
63786 63882 medium 5
63810 63883 5xlarge 9
63838 63942 4xlarge 6
63839 63908 2xlarge 9
63878 64042 3xlarge 7
63914 64121 2xlarge 0
63951 64179 4xlarge 1
64114 64279 tiny 3
64117 64286 large 4
64145 64263 large 5
64150 64306 medium 9
64151 64313 3xlarge 0
64152 64257 medium 5
64153 64253 5xlarge 2
64173 64308 3xlarge 2
64179 64239 6xlarge 4
64189 64276 2xlarge 1
64196 64279 tiny 6
64306 64369 3xlarge 7
64357 64486 2xlarge 9
64382 64538 tiny 6
64388 64515 large 4
64390 64506 2xlarge 2
64395 64507 5xlarge 9
64401 64531 4xlarge 2
64416 64516 large 5
64477 64643 4xlarge 1
64512 64661 medium 5
64526 64605 2xlarge 0
64618 64853 4xlarge 2
64673 64753 large 5
64712 64845 2xlarge 3
64717 64910 6xlarge 6
64720 64917 3xlarge 1
64743 65860 tiny 6
64746 64907 5xlarge 3
64756 64915 2xlarge 5
64770 65693 large 4
64840 64989 2xlarge 0
64864 64961 xlarge 0
64878 65039 6xlarge 2
64897 65200 large 5
64897 64953 4xlarge 1
64903 65002 tiny 1
64965 65146 xlarge 1
64981 65130 5xlarge 3
64996 65099 3xlarge 1
65002 65153 2xlarge 5
65004 65113 6xlarge 6
65027 65465 4xlarge 2
65135 65275 2xlarge 0
65206 65385 6xlarge 6
65319 65513 2xlarge 2
65326 65467 5xlarge 9
65336 65435 small 5
65338 65458 2xlarge 0
65363 65493 xlarge 9
65381 65483 2xlarge 9
65434 65720 6xlarge 4
65439 65597 5xlarge 3
65445 65757 6xlarge 6
65468 65706 2xlarge 3
65472 65726 medium 9
65476 65600 3xlarge 1
65488 65594 2xlarge 5
65492 65759 3xlarge 2
65500 65690 5xlarge 2
65554 65674 4xlarge 1
65589 65706 medium 2
65597 65723 small 7
65618 65713 xlarge 5
65629 65686 4xlarge 2
65640 65727 2xlarge 0
65675 65843 small 3
65684 65835 medium 1
65703 65845 3xlarge 7
65708 65871 tiny 2
65709 65873 large 6
65711 65797 4xlarge 7
65722 65870 medium 5
65735 65793 4xlarge 5
65744 65813 3xlarge 8
65825 65940 2xlarge 3
65866 65972 4xlarge 2
65870 66053 large 5
65916 66034 6xlarge 6
65948 66107 large 4
65952 66098 medium 9
65964 66104 tiny 6
65973 66093 5xlarge 2
65983 66106 6xlarge 4
65992 66090 3xlarge 2
66077 66175 2xlarge 3
66091 66180 2xlarge 9
66165 66437 tiny 6
66171 66293 6xlarge 6
66185 66397 large 4
66201 66286 2xlarge 0
66223 66342 4xlarge 1
66274 66453 4xlarge 2
66294 66402 2xlarge 3
66416 66633 medium 5
66416 66663 4xlarge 6
66542 66699 4xlarge 2
66633 66823 5xlarge 3
66635 66764 tiny 6
66661 66951 4xlarge 1
66663 66798 3xlarge 1
66680 66770 large 4
66704 67054 2xlarge 0
66710 66820 6xlarge 6
66783 67003 2xlarge 9
66872 67023 5xlarge 6
66875 67048 tiny 6
66881 67051 small 0
66882 67053 4xlarge 8
66891 67077 3xlarge 9
66897 67033 2xlarge 5
66904 67027 2xlarge 8
66914 67013 medium 8
66917 67024 large 5
66928 67003 large 4
66928 67040 xlarge 0
66928 67009 6xlarge 2
66928 67024 6xlarge 6
66933 67046 3xlarge 1
66934 67031 small 5
66937 67046 xlarge 9
66951 67000 5xlarge 3
66956 67016 5xlarge 7
67025 67282 4xlarge 2
67040 67141 2xlarge 3
67128 67262 tiny 2
67155 67318 medium 1
67170 67285 2xlarge 0
67188 67679 3xlarge 7
67245 67398 medium 5
67252 67437 5xlarge 2
67261 67358 medium 9
67304 67359 6xlarge 4
67310 67437 4xlarge 6
67367 67669 2xlarge 9
67370 67609 2xlarge 2
67374 67525 small 3
67387 67542 large 6
67389 67503 4xlarge 7
67390 67520 tiny 2
67395 67486 4xlarge 2
67400 67623 5xlarge 9
67438 67483 medium 1
67481 67609 small 7
67481 67604 6xlarge 9
67491 67620 5xlarge 3
67495 67720 6xlarge 6
67498 67619 2xlarge 3
67524 67665 3xlarge 1
67526 67726 large 4
67528 67622 xlarge 5
67530 67636 medium 2
67544 67602 xlarge 9
67551 67665 small 5
67553 67772 tiny 6
67713 67857 2xlarge 3
67780 67962 4xlarge 2
67835 68027 2xlarge 0
67860 68129 3xlarge 7
67872 67958 4xlarge 1
67911 67972 2xlarge 9
67970 68108 5xlarge 2
68000 68129 3xlarge 2
68001 68072 6xlarge 4
68039 68095 medium 9
68072 68276 3xlarge 4
68077 68195 5xlarge 4
68080 68199 4xlarge 2
68106 68446 2xlarge 0
68123 68223 large 7
68129 68235 4xlarge 9
68137 68468 4xlarge 1
68323 68505 5xlarge 9
68324 68505 medium 8
68330 68503 xlarge 9
68333 68443 tiny 6
68337 68501 small 5
68340 68464 small 0
68344 68442 2xlarge 9
68346 68493 2xlarge 8
68348 68476 5xlarge 6
68356 68443 4xlarge 8
68368 68498 3xlarge 9
68396 68505 2xlarge 2
68399 68488 large 4
68447 68624 4xlarge 2
68573 68950 tiny 6
68576 68730 tiny 2
68582 68744 3xlarge 7
68607 68961 large 4
68616 68749 4xlarge 1
68626 68811 6xlarge 6
68628 68755 2xlarge 0
68633 68715 medium 1
68830 69051 2xlarge 0
68830 68916 2xlarge 9
68957 69048 4xlarge 1
68984 69097 medium 5
69037 69301 small 5
69043 69715 large 4
69046 69207 5xlarge 9
69064 69154 2xlarge 2
69087 69176 2xlarge 3
69095 69234 2xlarge 9
69103 69712 tiny 6
69115 69303 xlarge 9
69206 69303 4xlarge 2
69212 69345 4xlarge 6
69218 69450 6xlarge 6
69233 69279 medium 5
69428 69560 xlarge 0
69432 69559 large 5
69439 69596 4xlarge 2
69452 69536 6xlarge 2
69465 69548 2xlarge 3
69524 69635 6xlarge 6
69634 69786 5xlarge 9
69714 69822 2xlarge 2
69719 69823 2xlarge 9
69754 69876 large 4
69787 69903 tiny 6
69795 69895 6xlarge 6
70008 70282 6xlarge 6
70025 70311 tiny 6
70035 70157 4xlarge 1
70039 70120 2xlarge 0
70055 70237 large 4
70183 70283 2xlarge 9
70263 70377 2xlarge 3
70269 70428 large 5
70373 70480 2xlarge 0
70378 70540 tiny 6
70439 70484 large 4
70439 70514 4xlarge 2
70600 70977 4xlarge 2
70729 70853 tiny 6
70738 70854 large 4
70778 70862 2xlarge 9
70792 70907 6xlarge 7
70953 71255 2xlarge 0
70959 71084 tiny 6
70963 71140 5xlarge 4
70963 71152 5xlarge 9
70968 71109 2xlarge 9
70971 71110 small 1
70971 71148 3xlarge 4
70983 71089 4xlarge 9
71009 71129 2xlarge 2
71011 71086 4xlarge 1
71023 71115 tiny 9
71032 71105 large 7
71040 71081 large 4
71086 71232 3xlarge 7
71105 71211 medium 5
71446 71564 4xlarge 2
71453 71587 medium 5
71496 71613 4xlarge 6
71518 71585 2xlarge 0
71602 71954 3xlarge 7
71696 71877 medium 9
71701 71800 5xlarge 2
71712 71793 6xlarge 4
71749 71838 medium 5
71795 71929 xlarge 9
71796 71977 5xlarge 6
71806 71971 small 0
71817 71969 3xlarge 9
71829 71923 4xlarge 8
71834 71912 2xlarge 8
71840 71949 tiny 6
71842 71975 medium 8
71849 71925 large 4
71859 71972 small 5
71939 72099 4xlarge 2
71964 72109 xlarge 0
71966 72099 6xlarge 2
71974 72099 large 5
72044 72205 small 5
72048 72154 2xlarge 8
72057 72643 medium 5
72076 72223 3xlarge 9
72076 72166 4xlarge 6
72085 72199 xlarge 9
72088 72344 2xlarge 0
72090 72471 tiny 6
72091 72197 4xlarge 8
72098 72158 small 6
72098 72190 medium 8
72103 72183 medium 0
72113 72203 tiny 0
72114 72322 2xlarge 3
72115 72232 3xlarge 5
72115 72222 5xlarge 8
72169 72306 3xlarge 7
72179 72295 4xlarge 5
72193 72339 tiny 2
72196 72307 small 3
72199 72302 medium 1
72199 72320 3xlarge 8
72207 72418 large 4
72216 72282 4xlarge 7
72230 72320 6xlarge 6
72236 72296 large 6
72240 72327 4xlarge 1
72297 72406 4xlarge 2
72401 72554 small 3
72403 72555 4xlarge 7
72408 72712 3xlarge 7
72411 72543 tiny 2
72427 72596 medium 1
72435 72680 2xlarge 3
72460 72558 large 6
72531 72679 5xlarge 9
72533 72710 2xlarge 2
72561 72639 2xlarge 9
72646 72771 4xlarge 1
72647 72754 large 4
72650 72874 small 5
72651 72773 tiny 6
72705 72760 2xlarge 0
72707 72878 xlarge 9
72716 72829 4xlarge 2
72784 72904 3xlarge 7
72793 72950 4xlarge 8
72798 72929 medium 1
72799 72948 tiny 2
72802 72912 medium 8
72815 72882 medium 5
72821 72887 2xlarge 8
72825 72951 3xlarge 9
72914 73002 tiny 6
72954 73040 large 4
72999 73402 medium 1
73000 73131 2xlarge 3
73010 73139 6xlarge 7
73028 73558 3xlarge 7
73062 73359 tiny 2
73069 73176 4xlarge 2
73141 73304 6xlarge 5
73155 73270 4xlarge 1
73157 73251 xlarge 0
73158 73295 3xlarge 4
73159 73255 tiny 6
73159 73242 2xlarge 0
73161 73298 5xlarge 4
73175 73301 6xlarge 2
73183 73240 tiny 1
73186 73315 6xlarge 6
73187 73252 tiny 7
73188 73273 large 4
73191 73298 large 5
73256 73382 xlarge 5
73260 73404 2xlarge 3
73281 73394 small 7
73284 73436 4xlarge 2
73311 73413 6xlarge 9
73313 73398 medium 2
73367 73519 2xlarge 9
73372 73559 2xlarge 2
73417 73478 5xlarge 9
73502 73625 small 5
73509 73758 2xlarge 0
73525 73648 4xlarge 8
73540 73601 3xlarge 9
73550 73670 2xlarge 8
73557 73605 xlarge 9
73602 73745 4xlarge 1
73723 73878 2xlarge 2
73724 73852 5xlarge 9
73734 73897 5xlarge 0
73736 73919 2xlarge 9
73742 73874 medium 4
73745 73881 large 9
73748 73870 xlarge 2
73756 73839 2xlarge 4
73759 73901 large 0
73762 73876 tiny 8
73770 73851 5xlarge 5
73777 73897 6xlarge 1
73780 73971 large 5
73789 73980 2xlarge 3
73794 73865 6xlarge 2
73795 73877 2xlarge 6
73799 73865 xlarge 0
73800 73894 6xlarge 3
73844 73992 xlarge 9
73862 73964 medium 5
73877 73991 4xlarge 6
73920 74034 small 5
73975 74134 4xlarge 2
74096 74242 tiny 6
74141 74235 large 4
74259 74434 2xlarge 3
74331 74446 4xlarge 1
74358 74517 2xlarge 0
74445 74637 xlarge 9
74474 74622 2xlarge 9
74513 74611 small 5
74681 74807 medium 9
74693 74867 tiny 3
74698 74835 4xlarge 2
74699 74867 3xlarge 7
74712 74798 2xlarge 0
74730 74802 2xlarge 1
74731 74808 5xlarge 2
74733 74865 3xlarge 2
74736 74990 2xlarge 3
74737 74875 4xlarge 1
74751 74802 6xlarge 4
74754 74995 tiny 6
74942 75044 2xlarge 9
74975 75042 3xlarge 7
75033 75165 tiny 6
75036 75156 3xlarge 4
75052 75294 4xlarge 6
75065 75185 large 4
75070 75301 medium 5
75071 75161 2xlarge 0
75106 75172 5xlarge 4
75117 75196 4xlarge 1
75155 75341 5xlarge 8
75199 75332 medium 0
75215 75283 tiny 0
75231 75517 4xlarge 2
75276 75452 5xlarge 3
75280 75414 tiny 6
75285 75452 xlarge 4
75302 75423 small 8
75311 75393 3xlarge 1
75312 75407 6xlarge 6
75325 75433 xlarge 1
75330 75478 2xlarge 5
75332 75401 large 4
75354 75449 xlarge 8
75512 75756 3xlarge 7
75523 75786 medium 1
75530 75829 tiny 2
75555 75642 large 6
75571 75660 small 3
75577 75655 4xlarge 7
75641 75824 medium 5
75664 75839 2xlarge 3
75669 75762 4xlarge 6
75694 75914 2xlarge 0
75698 75939 4xlarge 1
75761 75893 xlarge 9
75768 75926 6xlarge 6
75775 75933 2xlarge 5
75779 75939 xlarge 1
75780 75908 5xlarge 3
75784 75928 tiny 6
75791 75932 small 5
75795 75942 3xlarge 1
75808 76319 4xlarge 2
75822 75876 large 4
75886 76026 4xlarge 6
75914 76019 medium 5
76020 76118 4xlarge 1
76053 76291 large 4
76057 76185 2xlarge 0
76062 76118 3xlarge 7
76074 76299 tiny 6
76174 76288 large 5
76181 76239 6xlarge 6
76420 76618 tiny 6
76420 76633 large 4
76486 76624 2xlarge 3
76529 76745 3xlarge 7
76592 76740 5xlarge 9
76623 76780 tiny 2
76623 76760 6xlarge 7
76638 76770 large 5
76647 76731 medium 1
76651 76741 2xlarge 0
76651 76780 4xlarge 1
76652 76777 2xlarge 2
76671 76751 2xlarge 9
76673 76783 4xlarge 2
76714 76918 large 8
76739 76861 3xlarge 6
76740 76831 xlarge 1
76742 76905 6xlarge 6
76745 76896 xlarge 8
76750 76837 tiny 6
76763 76867 2xlarge 5
76766 76916 3xlarge 1
76772 76846 small 8
76778 76873 large 4
76778 76843 xlarge 4
76797 76852 5xlarge 3
76880 77026 2xlarge 0
76883 76976 4xlarge 2
76913 76965 4xlarge 1
76917 77029 3xlarge 4
76917 76989 6xlarge 7
76954 77103 4xlarge 6
76971 77144 tiny 2
76976 77159 medium 1
76977 77071 3xlarge 7
76978 77073 tiny 0
76987 77081 medium 0
77030 77131 medium 5
77275 77321 4xlarge 2
77280 77391 3xlarge 7
77322 77471 medium 5
77324 77459 6xlarge 6
77344 77440 2xlarge 5
77360 77495 large 4
77386 77486 tiny 6
77393 77476 3xlarge 1
77400 77502 5xlarge 3
77434 77617 2xlarge 2
77435 77556 2xlarge 9
77472 77595 large 5
77479 77583 5xlarge 9
77558 77753 tiny 6
77574 77851 4xlarge 2
77586 77724 large 4
77723 77918 2xlarge 0
77870 77952 2xlarge 3
77877 77939 large 5
77965 78182 4xlarge 2
78032 78179 3xlarge 7
78033 78199 3xlarge 0
78036 78161 xlarge 7
78039 78172 5xlarge 2
78040 78219 6xlarge 6
78043 78227 medium 1
78044 78181 tiny 2
78053 78234 medium 9
78063 78158 small 9
78069 78166 tiny 3
78070 78195 small 2
78079 78304 tiny 6
78084 78170 2xlarge 1
78091 78161 3xlarge 2
78098 78305 large 4
78107 78221 6xlarge 4
78112 78181 2xlarge 7
78117 78202 2xlarge 0
78117 78208 4xlarge 1
78182 78474 2xlarge 9
78279 78471 6xlarge 4
78330 78433 2xlarge 1
78338 78458 tiny 3
78347 78402 3xlarge 2
78349 78411 medium 9
78355 78421 5xlarge 2
78359 78677 4xlarge 2
78401 78554 6xlarge 6
78402 78528 tiny 6
78406 78673 6xlarge 7
78410 78541 6xlarge 2
78411 78526 4xlarge 3
78423 78573 tiny 5
78425 78578 3xlarge 3
78427 78518 large 5
78438 78566 xlarge 0
78441 78519 3xlarge 7
78455 78594 2xlarge 3
78456 78529 tiny 7
78456 78546 large 4
78465 78525 medium 7
78468 78554 tiny 1
78476 78587 6xlarge 5
78543 78656 large 2
78573 78646 small 4
78588 78631 4xlarge 0
78594 78632 4xlarge 4
78635 78759 tiny 6
78642 78762 xlarge 5
78644 78774 6xlarge 9
78654 78796 medium 2
78659 78760 large 4
78660 78815 tiny 2
78677 78817 medium 1
78701 78794 2xlarge 3
78703 78826 small 7
78711 78913 3xlarge 7
78774 79136 4xlarge 2
78791 78948 large 5
78835 78936 2xlarge 0
78875 79030 5xlarge 3
78889 79157 tiny 6
78909 79011 3xlarge 1
78913 79154 large 4
78952 79002 6xlarge 6
79003 79149 xlarge 9
79013 79125 2xlarge 3
79020 79272 3xlarge 7
79041 79130 small 5
79116 79552 2xlarge 0
79116 79392 4xlarge 1
79141 79386 medium 5
79162 79268 tiny 2
79165 79313 medium 1
79251 79416 tiny 6
79258 79639 4xlarge 2
79312 79386 large 4
79387 79529 xlarge 0
79397 79505 6xlarge 2
79405 79502 large 5
79477 79654 2xlarge 9
79492 79657 5xlarge 9
79558 79598 2xlarge 2
79612 79778 small 3
79613 80113 medium 5
79625 79722 4xlarge 7
79630 79745 tiny 2
79648 79752 large 6
79656 79855 3xlarge 7
79670 79750 2xlarge 0
79671 79721 medium 1
79743 79861 large 5
79836 80019 large 4
79838 79980 5xlarge 4
79849 79995 tiny 9
79851 80071 4xlarge 2
79863 79995 4xlarge 6
79876 80014 2xlarge 0
79876 79977 4xlarge 9
79881 80015 tiny 0
79885 79976 4xlarge 1
79902 79973 tiny 6
79912 80033 3xlarge 4
79915 79975 medium 0
79917 79979 large 7
79953 80124 tiny 2
79969 80107 6xlarge 7
79970 80088 small 3
79972 80146 small 4
79973 80082 large 6
79975 80134 4xlarge 7
79976 80158 3xlarge 8
79978 80101 4xlarge 5
79987 80141 medium 1
80020 80126 4xlarge 0
80029 80130 3xlarge 7
80099 80233 tiny 6
80128 80264 large 4
80206 80335 2xlarge 8
80220 80316 small 5
80248 80352 xlarge 9
80278 80332 4xlarge 8
80330 80558 tiny 6
80336 80499 large 4
80350 80439 4xlarge 2
80438 80597 4xlarge 6
80515 80622 medium 5
80599 80744 2xlarge 3
80737 81153 4xlarge 2
80947 81155 tiny 6
80961 81034 2xlarge 0
80978 81033 4xlarge 1
80998 81214 large 4
81052 81205 medium 5
81344 81391 4xlarge 2
81523 81689 5xlarge 2
81528 81654 xlarge 0
81530 81631 3xlarge 2
81540 81715 6xlarge 4
81547 81632 6xlarge 2
81553 81718 large 5
81554 81654 2xlarge 1
81561 81675 2xlarge 7
81568 81673 xlarge 7
81578 81760 4xlarge 2
81585 81640 tiny 3
81587 81654 small 2
81588 81669 medium 9
81595 81685 3xlarge 0
81597 81672 small 9
81690 81782 medium 5
81702 81780 2xlarge 2
81705 81795 2xlarge 9
81761 82059 tiny 6
81771 81915 4xlarge 1
81804 81935 2xlarge 0
81805 81915 6xlarge 6
81809 82059 large 4
81814 81922 xlarge 9
81818 81931 3xlarge 1
81819 81929 small 5
81827 81872 5xlarge 3
81889 82079 3xlarge 7
81895 82026 4xlarge 2
82128 82310 4xlarge 2
82152 82234 tiny 6
82158 82261 large 4
82158 82287 6xlarge 4
82160 82303 medium 9
82163 82265 5xlarge 2
82263 82416 large 5
82273 82387 6xlarge 2
82284 82379 xlarge 0
82369 82737 large 4
82377 82731 tiny 6
82387 82480 4xlarge 2
82398 82639 2xlarge 9
82501 82601 2xlarge 0
82508 82624 4xlarge 1
82592 82774 3xlarge 2
82614 82752 medium 9
82633 82917 4xlarge 2
82650 82714 5xlarge 2
82661 82771 6xlarge 4
82679 82750 6xlarge 7
82872 83021 2xlarge 0
82897 83031 4xlarge 1
82962 83142 large 5
82987 83084 4xlarge 2
83027 83248 medium 5
83080 83255 tiny 6
83117 83218 4xlarge 6
83122 83275 large 4
83129 83240 tiny 0
83131 83227 medium 0
83267 83346 4xlarge 2
83320 83509 5xlarge 0
83324 83464 5xlarge 5
83328 83441 2xlarge 4
83329 83476 2xlarge 9
83344 83456 2xlarge 6
83345 83439 xlarge 2
83367 83443 5xlarge 9
83379 83438 large 0
83390 83436 large 9
83390 83444 2xlarge 2
83392 83479 medium 4
83393 83455 tiny 8
83397 83511 6xlarge 1
83432 83593 medium 2
83435 83569 tiny 2
83436 83583 3xlarge 7
83436 83579 6xlarge 9
83484 83607 2xlarge 3
83487 83608 medium 1
83489 83606 xlarge 5
83505 83556 small 7
83506 83569 4xlarge 2
83598 83833 medium 5
83690 83871 2xlarge 0
83717 83983 4xlarge 2
83745 83866 4xlarge 1
84037 84332 tiny 6
84162 84359 2xlarge 9
84184 84302 6xlarge 6
84190 84277 2xlarge 2
84199 84348 large 4
84211 84449 2xlarge 0
84272 84430 5xlarge 7
84276 84461 4xlarge 1
84283 84433 tiny 4
84286 84415 xlarge 9
84290 84405 3xlarge 9
84293 84393 small 5
84296 84452 4xlarge 8
84325 84455 small 0
84327 84444 medium 8
84333 84417 5xlarge 6
84352 84455 2xlarge 8
84359 84452 5xlarge 1
84394 84897 large 5
84401 84597 6xlarge 7
84408 84582 medium 5
84457 84579 4xlarge 2
84588 84708 2xlarge 9
84636 84891 6xlarge 2
84641 84830 tiny 6
84664 84929 xlarge 0
84793 84905 tiny 1
84798 84938 6xlarge 5
84806 84928 medium 5
84822 84872 tiny 7
84828 84941 4xlarge 2
84905 85047 tiny 6
84910 85051 large 4
85001 85181 2xlarge 9
85018 85157 2xlarge 2
85020 85118 4xlarge 2
85041 85114 5xlarge 9
85245 85364 2xlarge 0
85254 85422 5xlarge 2
85268 85408 6xlarge 4
85275 85367 medium 9
85356 85530 2xlarge 9
85376 85755 tiny 6
85390 85536 large 5
85422 85658 4xlarge 2
85627 85779 medium 9
85654 85774 6xlarge 4
85670 85782 5xlarge 2
85678 85796 3xlarge 2
85795 85976 4xlarge 2
85832 85996 2xlarge 2
85850 85951 tiny 8
85857 86022 5xlarge 9
85865 85982 2xlarge 4
85877 86027 xlarge 2
85886 86018 large 0
85889 85971 2xlarge 9
85896 85955 medium 4
85904 86015 6xlarge 1
85907 86003 5xlarge 0
85917 86023 5xlarge 5
85919 86036 2xlarge 6
85959 86126 4xlarge 9
85963 86123 5xlarge 4
85974 86241 2xlarge 0
85977 86119 3xlarge 4
86009 86101 large 7
86021 86119 4xlarge 1
86119 86364 medium 1
86136 86342 3xlarge 7
86149 86215 2xlarge 3
86157 86233 tiny 2
86158 86272 2xlarge 9
86197 86340 large 5
86234 86327 large 4
86239 86377 4xlarge 2
86266 86338 tiny 6
86331 86441 2xlarge 3
86350 86459 xlarge 5
86358 86487 medium 2
86361 86519 small 7
86379 86463 6xlarge 9
